,agent,opponent,episode,num_actions,episode_reward,cumulative_reward,time_per_episode,action_history,q_total,q_mean
0,"Qlearntab_LLM_{'alpha': 0.05, 'gamma': 0.95, 'epsilon': 0.2, 'epsilon_step': 0.01}",,0,11,-1,-1,3.691121816635132,"[0, 1, 3, 3, 2, 1, 0, 0, 1, 1, 2, 3]",-0.05,-0.05
1,"Qlearntab_LLM_{'alpha': 0.05, 'gamma': 0.95, 'epsilon': 0.2, 'epsilon_step': 0.01}",,1,1,-1,-2,0.003107309341430664,"[3, 2]",-0.1,-0.05
2,"Qlearntab_LLM_{'alpha': 0.05, 'gamma': 0.95, 'epsilon': 0.2, 'epsilon_step': 0.01}",,2,53,0,-2,2.7044930458068848,"[3, 1, 1, 2, 1, 1, 0, 0, 2, 0, 0, 1, 1, 3, 1, 2, 0, 3, 2, 0, 3, 0, 1, 0, 2, 3, 0, 0, 0, 1, 1, 2, 0, 2, 1, 2, 3, 2, 2, 0, 1, 3, 0, 3, 3, 2, 3, 2, 3, 2, 1, 3, 2, 0]",-0.10263626417773439,-0.0171060440296224
3,"Qlearntab_LLM_{'alpha': 0.05, 'gamma': 0.95, 'epsilon': 0.2, 'epsilon_step': 0.01}",,3,4,-1,-3,0.0061054229736328125,"[1, 1, 3, 3, 3]",-0.1526362641777344,-0.021805180596819202
4,"Qlearntab_LLM_{'alpha': 0.05, 'gamma': 0.95, 'epsilon': 0.2, 'epsilon_step': 0.01}",,4,2,-1,-4,0.0029997825622558594,"[0, 0, 0]",-0.2026362641777344,-0.0253295330222168
5,"Qlearntab_LLM_{'alpha': 0.05, 'gamma': 0.95, 'epsilon': 0.2, 'epsilon_step': 0.01}",,5,0,-1,-5,0.0009996891021728516,[1],-0.2526362641777344,-0.028070696019748265
6,"Qlearntab_LLM_{'alpha': 0.05, 'gamma': 0.95, 'epsilon': 0.2, 'epsilon_step': 0.01}",,6,2,-1,-6,0.0019998550415039062,"[0, 3, 2]",-0.2998803266777344,-0.03332003629752604
7,"Qlearntab_LLM_{'alpha': 0.05, 'gamma': 0.95, 'epsilon': 0.2, 'epsilon_step': 0.01}",,7,13,-1,-7,0.014199018478393555,"[2, 3, 2, 0, 1, 2, 3, 0, 0, 3, 1, 1, 3, 0]",-0.3420137907421875,-0.03420137907421875
8,"Qlearntab_LLM_{'alpha': 0.05, 'gamma': 0.95, 'epsilon': 0.2, 'epsilon_step': 0.01}",,8,25,2,-5,0.6483108997344971,"[3, 3, 0, 2, 2, 2, 2, 2, 2, 2, 2, 2, 3, 2, 0, 3, 1, 2, 1, 3, 0, 1, 0, 1, 2, 1]",-0.23526049112292452,-0.0156840327415283
9,"Qlearntab_LLM_{'alpha': 0.05, 'gamma': 0.95, 'epsilon': 0.2, 'epsilon_step': 0.01}",,9,5,-1,-6,0.00600433349609375,"[0, 3, 0, 1, 1, 1]",-0.2797512267407842,-0.01748445167129901
10,"Qlearntab_LLM_{'alpha': 0.05, 'gamma': 0.95, 'epsilon': 0.2, 'epsilon_step': 0.01}",,10,11,-1,-7,0.012078523635864258,"[3, 1, 3, 1, 3, 3, 2, 0, 1, 2, 1, 2]",-0.30997757462041753,-0.01823397497767162
11,"Qlearntab_LLM_{'alpha': 0.05, 'gamma': 0.95, 'epsilon': 0.2, 'epsilon_step': 0.01}",,11,6,-1,-8,0.0070688724517822266,"[1, 2, 0, 0, 2, 3, 2]",-0.3487560783102145,-0.018355583068958656
12,"Qlearntab_LLM_{'alpha': 0.05, 'gamma': 0.95, 'epsilon': 0.2, 'epsilon_step': 0.01}",,12,99,1,-7,0.09662199020385742,"[3, 3, 1, 0, 0, 2, 0, 3, 3, 0, 0, 2, 2, 3, 2, 3, 2, 2, 2, 2, 2, 3, 2, 3, 2, 3, 2, 2, 2, 3, 0, 2, 2, 2, 3, 2, 3, 2, 3, 2, 2, 2, 2, 3, 2, 3, 2, 2, 3, 2, 3, 2, 2, 2, 3, 2, 2, 3, 2, 2, 2, 2, 2, 3, 2, 3, 2, 3, 2, 3, 2, 2, 3, 2, 2, 2, 3, 0, 2, 3, 2, 2, 2, 3, 2, 2, 3, 2, 1, 0, 0, 1, 1, 1, 0, 3, 1, 1, 0, 1]",-0.28002722272739694,-0.01037137861953322
13,"Qlearntab_LLM_{'alpha': 0.05, 'gamma': 0.95, 'epsilon': 0.2, 'epsilon_step': 0.01}",,13,3,-1,-8,0.005001068115234375,"[1, 0, 2, 3]",-0.31977426876990195,-0.011843491435922294
14,"Qlearntab_LLM_{'alpha': 0.05, 'gamma': 0.95, 'epsilon': 0.2, 'epsilon_step': 0.01}",,14,7,-1,-9,0.010056018829345703,"[2, 1, 1, 0, 1, 1, 3, 0]",-0.3609316374889683,-0.01289041562460601
15,"Qlearntab_LLM_{'alpha': 0.05, 'gamma': 0.95, 'epsilon': 0.2, 'epsilon_step': 0.01}",,15,99,1,-8,0.09658956527709961,"[2, 2, 0, 1, 1, 3, 0, 0, 0, 2, 2, 3, 0, 2, 2, 2, 3, 2, 1, 3, 3, 3, 0, 3, 2, 2, 2, 3, 2, 3, 2, 3, 2, 1, 0, 0, 3, 2, 2, 2, 0, 2, 2, 2, 2, 2, 2, 2, 3, 2, 2, 2, 3, 2, 2, 3, 3, 2, 2, 2, 3, 2, 2, 2, 3, 2, 3, 2, 3, 2, 3, 2, 2, 2, 2, 3, 1, 0, 2, 2, 2, 3, 3, 2, 3, 2, 3, 2, 3, 2, 3, 2, 3, 2, 3, 2, 3, 0, 3, 2]",-0.28805369822566534,-0.009601789940855511
16,"Qlearntab_LLM_{'alpha': 0.05, 'gamma': 0.95, 'epsilon': 0.2, 'epsilon_step': 0.01}",,16,9,-1,-9,0.010059595108032227,"[1, 3, 1, 3, 3, 0, 0, 0, 2, 2]",-0.32990913964027113,-0.01099697132134237
17,"Qlearntab_LLM_{'alpha': 0.05, 'gamma': 0.95, 'epsilon': 0.2, 'epsilon_step': 0.01}",,17,56,0,-9,0.05144500732421875,"[1, 0, 1, 2, 2, 3, 0, 0, 2, 2, 1, 0, 3, 2, 3, 2, 3, 2, 3, 2, 3, 3, 2, 3, 2, 1, 2, 3, 0, 2, 2, 0, 3, 0, 0, 0, 2, 2, 2, 3, 2, 2, 2, 0, 0, 0, 0, 0, 2, 0, 0, 1, 3, 2, 3, 2, 1]",-0.3085529606201749,-0.010285098687339162
18,"Qlearntab_LLM_{'alpha': 0.05, 'gamma': 0.95, 'epsilon': 0.2, 'epsilon_step': 0.01}",,18,1,-1,-10,0.0019998550415039062,"[2, 3]",-0.3522437849330239,-0.011741459497767464
19,"Qlearntab_LLM_{'alpha': 0.05, 'gamma': 0.95, 'epsilon': 0.2, 'epsilon_step': 0.01}",,19,99,1,-9,0.08897852897644043,"[0, 0, 0, 2, 2, 2, 3, 2, 3, 3, 2, 3, 0, 2, 3, 2, 2, 2, 2, 3, 2, 3, 2, 2, 2, 3, 2, 2, 3, 2, 3, 0, 2, 3, 2, 3, 3, 2, 3, 2, 3, 2, 3, 2, 3, 2, 2, 3, 2, 2, 3, 2, 3, 2, 3, 2, 3, 2, 2, 3, 2, 3, 0, 3, 2, 2, 2, 1, 0, 3, 2, 3, 2, 2, 2, 2, 2, 3, 2, 3, 2, 3, 3, 0, 0, 3, 2, 3, 2, 3, 2, 1, 2, 3, 2, 3, 2, 2, 2, 3]",-0.2801249159892441,-0.009036287612556261
20,"Qlearntab_LLM_{'alpha': 0.05, 'gamma': 0.95, 'epsilon': 0.2, 'epsilon_step': 0.01}",,20,29,0,-9,0.028218507766723633,"[0, 0, 0, 1, 0, 0, 0, 2, 0, 3, 2, 0, 2, 3, 2, 3, 2, 2, 2, 2, 3, 2, 3, 2, 2, 0, 1, 2, 2, 0]",-0.25850797697597266,-0.008338966999224925
21,"Qlearntab_LLM_{'alpha': 0.05, 'gamma': 0.95, 'epsilon': 0.2, 'epsilon_step': 0.01}",,21,1,-1,-10,0.002000093460083008,"[0, 0]",-0.2970461614206338,-0.009582134239375283
22,"Qlearntab_LLM_{'alpha': 0.05, 'gamma': 0.95, 'epsilon': 0.2, 'epsilon_step': 0.01}",,22,7,1,-9,0.007077217102050781,"[1, 0, 2, 3, 0, 2, 2, 1]",-0.23432779399176973,-0.007558961096508701
23,"Qlearntab_LLM_{'alpha': 0.05, 'gamma': 0.95, 'epsilon': 0.2, 'epsilon_step': 0.01}",,23,0,-1,-10,0.0009999275207519531,[2],-0.2791487574137037,-0.009004798626248508
24,"Qlearntab_LLM_{'alpha': 0.05, 'gamma': 0.95, 'epsilon': 0.2, 'epsilon_step': 0.01}",,24,20,1,-9,0.020152807235717773,"[2, 3, 1, 3, 0, 3, 1, 1, 0, 3, 3, 2, 2, 0, 0, 3, 3, 2, 1, 2, 1]",-0.2049867445116744,-0.006612475629408852
25,"Qlearntab_LLM_{'alpha': 0.05, 'gamma': 0.95, 'epsilon': 0.2, 'epsilon_step': 0.01}",,25,4,-1,-10,0.004126310348510742,"[3, 1, 3, 2, 0]",-0.23607887596944213,-0.007615447611917488
26,"Qlearntab_LLM_{'alpha': 0.05, 'gamma': 0.95, 'epsilon': 0.2, 'epsilon_step': 0.01}",,26,3,-1,-11,0.0039997100830078125,"[2, 1, 3, 1]",-0.27599031895397197,-0.008902913514644258
27,"Qlearntab_LLM_{'alpha': 0.05, 'gamma': 0.95, 'epsilon': 0.2, 'epsilon_step': 0.01}",,27,0,-1,-12,0.0009996891021728516,[0],-0.3155237078832908,-0.010178184125267446
28,"Qlearntab_LLM_{'alpha': 0.05, 'gamma': 0.95, 'epsilon': 0.2, 'epsilon_step': 0.01}",,28,0,-1,-13,0.0009999275207519531,[2],-0.35874423648800813,-0.011572394725419616
29,"Qlearntab_LLM_{'alpha': 0.05, 'gamma': 0.95, 'epsilon': 0.2, 'epsilon_step': 0.01}",,29,1,-1,-14,0.0010001659393310547,"[2, 0]",-0.39246083115980424,-0.012660026811606589
30,"Qlearntab_LLM_{'alpha': 0.05, 'gamma': 0.95, 'epsilon': 0.2, 'epsilon_step': 0.01}",,30,3,1,-13,0.004109859466552734,"[2, 2, 3, 1]",-0.3333747588150964,-0.010754024477906335
31,"Qlearntab_LLM_{'alpha': 0.05, 'gamma': 0.95, 'epsilon': 0.2, 'epsilon_step': 0.01}",,31,4,1,-12,0.005000114440917969,"[0, 2, 1, 1, 1]",-0.26439244750875374,-0.008528788629314636
32,"Qlearntab_LLM_{'alpha': 0.05, 'gamma': 0.95, 'epsilon': 0.2, 'epsilon_step': 0.01}",,32,4,-1,-13,0.005106925964355469,"[0, 1, 0, 0, 2]",-0.2891323336579187,-0.009326849472836086
33,"Qlearntab_LLM_{'alpha': 0.05, 'gamma': 0.95, 'epsilon': 0.2, 'epsilon_step': 0.01}",,33,4,-1,-14,0.0039997100830078125,"[2, 0, 0, 1, 2]",-0.3163214587413654,-0.010203918023915013
34,"Qlearntab_LLM_{'alpha': 0.05, 'gamma': 0.95, 'epsilon': 0.2, 'epsilon_step': 0.01}",,34,6,1,-13,0.007108449935913086,"[3, 2, 1, 1, 2, 0, 1]",-0.2528647252254316,-0.008156926620175212
35,"Qlearntab_LLM_{'alpha': 0.05, 'gamma': 0.95, 'epsilon': 0.2, 'epsilon_step': 0.01}",,35,0,-1,-14,0.00099945068359375,[2],-0.2914309703767083,-0.009400999044409945
36,"Qlearntab_LLM_{'alpha': 0.05, 'gamma': 0.95, 'epsilon': 0.2, 'epsilon_step': 0.01}",,36,1,-1,-15,0.0019996166229248047,"[1, 2]",-0.32781564477811176,-0.010574698218648766
37,"Qlearntab_LLM_{'alpha': 0.05, 'gamma': 0.95, 'epsilon': 0.2, 'epsilon_step': 0.01}",,37,3,-1,-16,0.004000186920166016,"[2, 3, 2, 2]",-0.35964409685174703,-0.011601422479088614
38,"Qlearntab_LLM_{'alpha': 0.05, 'gamma': 0.95, 'epsilon': 0.2, 'epsilon_step': 0.01}",,38,5,-1,-17,0.006108522415161133,"[0, 3, 3, 3, 3, 2]",-0.3852413257577631,-0.012427139540573003
39,"Qlearntab_LLM_{'alpha': 0.05, 'gamma': 0.95, 'epsilon': 0.2, 'epsilon_step': 0.01}",,39,2,-1,-18,0.0030002593994140625,"[3, 2, 2]",-0.4075998026795024,-0.013148380731596852
40,"Qlearntab_LLM_{'alpha': 0.05, 'gamma': 0.95, 'epsilon': 0.2, 'epsilon_step': 0.01}",,40,99,1,-17,0.08982133865356445,"[3, 2, 0, 2, 2, 2, 3, 2, 3, 2, 2, 2, 2, 2, 3, 2, 3, 2, 3, 2, 2, 3, 2, 3, 2, 2, 2, 0, 2, 2, 3, 2, 3, 2, 3, 3, 2, 3, 3, 2, 3, 2, 2, 0, 2, 2, 1, 0, 3, 2, 3, 2, 3, 2, 2, 3, 3, 2, 2, 2, 3, 2, 2, 2, 3, 2, 2, 3, 2, 3, 2, 2, 3, 3, 2, 3, 2, 3, 2, 3, 2, 3, 2, 3, 2, 3, 2, 2, 3, 2, 3, 0, 3, 2, 3, 2, 3, 2, 3, 2]",-0.35144187916836456,-0.011336834811882728
41,"Qlearntab_LLM_{'alpha': 0.05, 'gamma': 0.95, 'epsilon': 0.2, 'epsilon_step': 0.01}",,41,0,-1,-18,0.0009961128234863281,[2],-0.38407952360429076,-0.012389662051751314
42,"Qlearntab_LLM_{'alpha': 0.05, 'gamma': 0.95, 'epsilon': 0.2, 'epsilon_step': 0.01}",,42,0,-1,-19,0.0011174678802490234,[2],-0.41508528581842064,-0.013389847929626473
43,"Qlearntab_LLM_{'alpha': 0.05, 'gamma': 0.95, 'epsilon': 0.2, 'epsilon_step': 0.01}",,43,1,-1,-20,0.0010006427764892578,"[2, 3]",-0.44425303858387166,-0.014330743180124892
44,"Qlearntab_LLM_{'alpha': 0.05, 'gamma': 0.95, 'epsilon': 0.2, 'epsilon_step': 0.01}",,44,99,1,-19,0.08880734443664551,"[0, 2, 1, 1, 0, 2, 0, 0, 2, 2, 3, 2, 3, 2, 3, 2, 2, 0, 2, 2, 2, 2, 3, 2, 3, 2, 2, 3, 2, 3, 0, 2, 2, 3, 0, 3, 2, 2, 2, 3, 2, 3, 2, 2, 2, 3, 2, 2, 3, 2, 3, 2, 2, 3, 2, 2, 2, 2, 3, 3, 2, 1, 2, 3, 3, 2, 3, 2, 2, 3, 2, 2, 3, 2, 3, 2, 2, 2, 3, 2, 3, 2, 3, 2, 3, 2, 1, 2, 3, 3, 2, 3, 2, 2, 2, 3, 2, 3, 2, 2]",-0.33550016758406587,-0.0108225860510989
45,"Qlearntab_LLM_{'alpha': 0.05, 'gamma': 0.95, 'epsilon': 0.2, 'epsilon_step': 0.01}",,45,99,1,-18,0.08881115913391113,"[2, 0, 0, 2, 2, 3, 2, 2, 3, 2, 3, 2, 2, 2, 3, 3, 2, 2, 2, 3, 2, 3, 3, 2, 3, 2, 3, 1, 2, 2, 3, 2, 2, 3, 2, 3, 2, 3, 3, 2, 2, 2, 2, 3, 2, 2, 2, 3, 1, 3, 2, 3, 2, 2, 3, 2, 2, 3, 2, 2, 2, 2, 2, 2, 2, 2, 3, 2, 3, 2, 3, 2, 3, 2, 2, 3, 2, 3, 2, 2, 3, 3, 2, 2, 2, 2, 2, 2, 2, 2, 2, 3, 2, 2, 2, 2, 2, 2, 2, 1]",-0.2688730679953157,-0.008673324774042441
46,"Qlearntab_LLM_{'alpha': 0.05, 'gamma': 0.95, 'epsilon': 0.2, 'epsilon_step': 0.01}",,46,7,1,-17,0.009078502655029297,"[2, 1, 3, 2, 0, 2, 0, 1]",-0.19413918972707583,-0.006262554507325027
47,"Qlearntab_LLM_{'alpha': 0.05, 'gamma': 0.95, 'epsilon': 0.2, 'epsilon_step': 0.01}",,47,3,1,-16,0.0031156539916992188,"[0, 2, 1, 1]",-0.13216148821125814,-0.0042632738132663914
48,"Qlearntab_LLM_{'alpha': 0.05, 'gamma': 0.95, 'epsilon': 0.2, 'epsilon_step': 0.01}",,48,0,-1,-17,0.0009999275207519531,[2],-0.16561902974711754,-0.005342549346681211
49,"Qlearntab_LLM_{'alpha': 0.05, 'gamma': 0.95, 'epsilon': 0.2, 'epsilon_step': 0.01}",,49,99,1,-16,0.0879507064819336,"[0, 0, 0, 0, 2, 2, 3, 2, 2, 2, 3, 2, 2, 3, 2, 2, 2, 3, 2, 3, 2, 3, 2, 0, 3, 3, 2, 2, 2, 2, 3, 2, 3, 2, 2, 3, 2, 3, 2, 3, 2, 2, 2, 3, 3, 2, 3, 2, 3, 2, 3, 2, 3, 2, 2, 2, 2, 3, 2, 3, 2, 0, 3, 2, 2, 2, 0, 3, 2, 2, 2, 2, 3, 2, 3, 2, 2, 2, 2, 2, 3, 2, 3, 2, 3, 2, 3, 2, 3, 2, 2, 3, 3, 2, 2, 3, 2, 3, 2, 2]",-0.10691016146705089,-0.0034487148860338998
50,"Qlearntab_LLM_{'alpha': 0.05, 'gamma': 0.95, 'epsilon': 0.2, 'epsilon_step': 0.01}",,50,99,1,-15,0.08876395225524902,"[3, 3, 1, 1, 0, 0, 0, 0, 3, 2, 3, 2, 3, 1, 2, 0, 3, 2, 3, 2, 3, 3, 2, 2, 2, 2, 3, 2, 2, 2, 2, 2, 3, 2, 2, 3, 2, 2, 3, 3, 2, 2, 2, 2, 2, 2, 2, 2, 1, 2, 2, 2, 3, 2, 3, 3, 2, 3, 2, 3, 2, 2, 3, 3, 2, 3, 3, 2, 3, 2, 2, 3, 2, 2, 3, 2, 3, 2, 2, 2, 2, 3, 2, 3, 2, 2, 2, 1, 2, 2, 3, 2, 2, 1, 0, 3, 3, 2, 3, 2]",-0.024570272873672454,-0.0007678210273022642
51,"Qlearntab_LLM_{'alpha': 0.05, 'gamma': 0.95, 'epsilon': 0.2, 'epsilon_step': 0.01}",,51,0,-1,-16,0.0009989738464355469,[0],-0.06457185249512147,-0.002017870390472546
52,"Qlearntab_LLM_{'alpha': 0.05, 'gamma': 0.95, 'epsilon': 0.2, 'epsilon_step': 0.01}",,52,6,1,-15,0.00800013542175293,"[1, 1, 0, 2, 2, 0, 1]",0.004317192494291893,0.00013491226544662166
53,"Qlearntab_LLM_{'alpha': 0.05, 'gamma': 0.95, 'epsilon': 0.2, 'epsilon_step': 0.01}",,53,1,-1,-16,0.0020787715911865234,"[1, 2]",-0.027217988685861134,-0.0008505621464331604
54,"Qlearntab_LLM_{'alpha': 0.05, 'gamma': 0.95, 'epsilon': 0.2, 'epsilon_step': 0.01}",,54,4,1,-15,0.0039997100830078125,"[1, 3, 2, 1, 1]",0.029514181993165668,0.0009223181872864271
55,"Qlearntab_LLM_{'alpha': 0.05, 'gamma': 0.95, 'epsilon': 0.2, 'epsilon_step': 0.01}",,55,0,-1,-16,0.0010001659393310547,[2],-0.0006812492429474001,-2.1289038842106254e-05
56,"Qlearntab_LLM_{'alpha': 0.05, 'gamma': 0.95, 'epsilon': 0.2, 'epsilon_step': 0.01}",,56,2,-1,-17,0.0029997825622558594,"[3, 3, 2]",-0.027784605962533432,-0.0008682689363291697
57,"Qlearntab_LLM_{'alpha': 0.05, 'gamma': 0.95, 'epsilon': 0.2, 'epsilon_step': 0.01}",,57,1,-1,-18,0.0020647048950195312,"[0, 0]",-0.060032339678159935,-0.001876010614942498
58,"Qlearntab_LLM_{'alpha': 0.05, 'gamma': 0.95, 'epsilon': 0.2, 'epsilon_step': 0.01}",,58,4,1,-17,0.004999399185180664,"[3, 1, 2, 1, 1]",-0.004412775161312069,-0.00013789922379100214
59,"Qlearntab_LLM_{'alpha': 0.05, 'gamma': 0.95, 'epsilon': 0.2, 'epsilon_step': 0.01}",,59,1,-1,-18,0.002000093460083008,"[0, 1]",-0.04116234950445108,-0.0012863234220140962
60,"Qlearntab_LLM_{'alpha': 0.05, 'gamma': 0.95, 'epsilon': 0.2, 'epsilon_step': 0.01}",,60,3,1,-17,0.0030798912048339844,"[3, 3, 0, 1]",0.015325824672555135,0.00047893202101734797
61,"Qlearntab_LLM_{'alpha': 0.05, 'gamma': 0.95, 'epsilon': 0.2, 'epsilon_step': 0.01}",,61,99,1,-16,0.08978390693664551,"[2, 3, 0, 2, 2, 2, 3, 2, 3, 2, 2, 2, 3, 2, 3, 2, 3, 2, 3, 3, 2, 2, 3, 2, 2, 2, 3, 2, 3, 2, 3, 2, 2, 2, 3, 3, 2, 3, 2, 3, 2, 3, 2, 2, 3, 2, 3, 2, 2, 3, 2, 3, 2, 3, 2, 2, 2, 3, 2, 3, 2, 3, 2, 3, 3, 2, 3, 2, 3, 2, 3, 2, 3, 2, 3, 2, 3, 2, 3, 3, 2, 3, 2, 3, 2, 3, 2, 3, 3, 2, 3, 2, 3, 2, 3, 2, 3, 2, 2, 2]",0.06202780585631103,0.0019383689330097196
62,"Qlearntab_LLM_{'alpha': 0.05, 'gamma': 0.95, 'epsilon': 0.2, 'epsilon_step': 0.01}",,62,99,1,-15,0.08974599838256836,"[1, 0, 3, 3, 0, 0, 0, 0, 2, 2, 2, 2, 2, 3, 2, 3, 2, 3, 2, 3, 0, 3, 2, 3, 2, 2, 3, 2, 3, 0, 2, 3, 2, 2, 3, 2, 2, 3, 2, 1, 0, 3, 2, 3, 2, 3, 2, 3, 0, 3, 2, 2, 0, 2, 2, 2, 3, 2, 3, 1, 2, 3, 2, 2, 3, 2, 2, 2, 2, 2, 3, 2, 2, 2, 2, 2, 3, 0, 3, 2, 2, 2, 3, 2, 3, 2, 3, 2, 2, 2, 2, 3, 2, 2, 3, 2, 3, 0, 2, 3]",0.1273070355674996,0.003978344861484362
63,"Qlearntab_LLM_{'alpha': 0.05, 'gamma': 0.95, 'epsilon': 0.2, 'epsilon_step': 0.01}",,63,0,-1,-16,0.000110626220703125,[1],0.08421914392175131,0.0026318482475547285
64,"Qlearntab_LLM_{'alpha': 0.05, 'gamma': 0.95, 'epsilon': 0.2, 'epsilon_step': 0.01}",,64,99,1,-15,0.09089827537536621,"[2, 3, 2, 1, 1, 0, 0, 1, 1, 1, 3, 1, 2, 0, 0, 2, 2, 2, 2, 2, 2, 2, 3, 2, 2, 3, 3, 2, 2, 2, 2, 2, 0, 3, 2, 2, 3, 2, 2, 3, 2, 2, 0, 2, 2, 3, 2, 2, 3, 2, 2, 2, 3, 2, 2, 2, 3, 2, 1, 0, 3, 2, 3, 2, 2, 2, 3, 2, 3, 2, 2, 3, 1, 2, 2, 2, 3, 2, 2, 3, 2, 2, 3, 2, 2, 2, 3, 2, 3, 2, 3, 2, 2, 3, 2, 2, 1, 2, 3, 2]",0.16592753236821173,0.0051852353865066165
65,"Qlearntab_LLM_{'alpha': 0.05, 'gamma': 0.95, 'epsilon': 0.2, 'epsilon_step': 0.01}",,65,4,-1,-16,0.004999876022338867,"[3, 2, 0, 1, 1]",0.12293856741912737,0.0038418302318477303
66,"Qlearntab_LLM_{'alpha': 0.05, 'gamma': 0.95, 'epsilon': 0.2, 'epsilon_step': 0.01}",,66,99,1,-15,0.08985137939453125,"[2, 2, 1, 1, 1, 1, 0, 2, 2, 2, 3, 2, 2, 3, 2, 3, 2, 3, 2, 2, 2, 3, 2, 2, 3, 2, 2, 2, 2, 3, 2, 3, 2, 2, 2, 3, 3, 2, 3, 2, 2, 2, 3, 2, 2, 3, 2, 1, 0, 3, 2, 2, 2, 3, 3, 2, 3, 2, 2, 2, 2, 2, 2, 2, 2, 3, 2, 2, 2, 3, 3, 2, 3, 2, 2, 3, 3, 2, 3, 2, 3, 2, 3, 2, 3, 2, 2, 2, 3, 2, 3, 2, 3, 2, 3, 2, 3, 2, 3, 2]",0.18224644387022473,0.005695201370944523
67,"Qlearntab_LLM_{'alpha': 0.05, 'gamma': 0.95, 'epsilon': 0.2, 'epsilon_step': 0.01}",,67,0,-1,-16,0.0010001659393310547,[0],0.144472780539217,0.004514774391850531
68,"Qlearntab_LLM_{'alpha': 0.05, 'gamma': 0.95, 'epsilon': 0.2, 'epsilon_step': 0.01}",,68,0,-1,-17,0.0009999275207519531,[0],0.10858780037475965,0.003393368761711239
69,"Qlearntab_LLM_{'alpha': 0.05, 'gamma': 0.95, 'epsilon': 0.2, 'epsilon_step': 0.01}",,69,4,1,-16,0.005077362060546875,"[1, 0, 1, 1, 1]",0.1687251245815345,0.005272660143172953
70,"Qlearntab_LLM_{'alpha': 0.05, 'gamma': 0.95, 'epsilon': 0.2, 'epsilon_step': 0.01}",,70,99,1,-15,0.08977460861206055,"[3, 0, 0, 0, 2, 2, 3, 3, 2, 3, 2, 3, 2, 2, 3, 2, 3, 2, 2, 3, 2, 2, 3, 2, 2, 2, 2, 2, 3, 2, 2, 2, 2, 2, 3, 2, 2, 3, 2, 3, 2, 3, 2, 2, 2, 3, 3, 3, 2, 2, 3, 0, 3, 2, 2, 2, 3, 2, 2, 3, 2, 2, 3, 2, 3, 2, 2, 2, 2, 3, 2, 2, 2, 3, 2, 3, 2, 3, 2, 2, 3, 2, 2, 2, 3, 2, 2, 3, 2, 3, 2, 3, 2, 2, 3, 2, 3, 3, 2, 2]",0.21131603427249526,0.006603626071015477
71,"Qlearntab_LLM_{'alpha': 0.05, 'gamma': 0.95, 'epsilon': 0.2, 'epsilon_step': 0.01}",,71,0,-1,-16,0.0009999275207519531,[3],0.16638611895963074,0.0051995662174884605
72,"Qlearntab_LLM_{'alpha': 0.05, 'gamma': 0.95, 'epsilon': 0.2, 'epsilon_step': 0.01}",,72,2,-1,-17,0.0030002593994140625,"[1, 3, 1]",0.12442466296231716,0.0038882707175724113
73,"Qlearntab_LLM_{'alpha': 0.05, 'gamma': 0.95, 'epsilon': 0.2, 'epsilon_step': 0.01}",,73,99,1,-16,0.08892345428466797,"[2, 2, 0, 0, 0, 0, 2, 2, 2, 2, 2, 2, 3, 3, 2, 3, 2, 2, 3, 2, 3, 2, 3, 2, 3, 2, 3, 2, 2, 3, 3, 2, 3, 2, 2, 3, 3, 2, 3, 2, 3, 2, 2, 3, 2, 3, 2, 2, 2, 3, 2, 3, 2, 2, 2, 3, 2, 3, 2, 3, 1, 2, 2, 3, 2, 2, 2, 0, 2, 2, 2, 3, 2, 3, 2, 2, 2, 3, 2, 2, 2, 2, 3, 2, 2, 3, 2, 3, 2, 3, 2, 2, 3, 2, 2, 2, 2, 2, 3, 2]",0.18816191037366573,0.005880059699177054
74,"Qlearntab_LLM_{'alpha': 0.05, 'gamma': 0.95, 'epsilon': 0.2, 'epsilon_step': 0.01}",,74,99,1,-15,0.09111785888671875,"[3, 0, 0, 0, 2, 2, 3, 2, 3, 2, 3, 0, 3, 2, 2, 2, 3, 2, 3, 2, 3, 2, 3, 2, 2, 3, 2, 2, 2, 3, 2, 3, 2, 3, 3, 3, 0, 3, 2, 3, 3, 2, 2, 0, 0, 2, 0, 2, 2, 3, 2, 3, 2, 3, 2, 3, 2, 3, 1, 3, 2, 2, 3, 2, 3, 2, 3, 2, 2, 3, 2, 3, 2, 2, 3, 2, 3, 2, 3, 2, 2, 3, 2, 2, 2, 2, 3, 2, 1, 3, 2, 3, 2, 2, 2, 2, 2, 2, 3, 2]",0.23062538093675303,0.007207043154273532
75,"Qlearntab_LLM_{'alpha': 0.05, 'gamma': 0.95, 'epsilon': 0.2, 'epsilon_step': 0.01}",,75,3,-1,-16,0.003059864044189453,"[2, 1, 0, 1]",0.21252556657910024,0.0066414239555968825
76,"Qlearntab_LLM_{'alpha': 0.05, 'gamma': 0.95, 'epsilon': 0.2, 'epsilon_step': 0.01}",,76,99,1,-15,0.08865642547607422,"[3, 0, 2, 0, 0, 2, 0, 2, 2, 2, 2, 2, 2, 1, 2, 3, 3, 2, 2, 2, 2, 3, 2, 2, 3, 2, 3, 2, 3, 2, 2, 3, 3, 2, 3, 3, 0, 2, 3, 2, 3, 2, 3, 2, 2, 3, 2, 3, 2, 2, 3, 2, 3, 2, 3, 2, 3, 2, 2, 2, 0, 2, 2, 3, 2, 3, 2, 2, 2, 3, 2, 3, 2, 2, 2, 2, 2, 2, 3, 2, 2, 2, 2, 2, 2, 3, 2, 3, 2, 0, 3, 2, 3, 2, 3, 2, 3, 2, 2, 2]",0.2652800659672321,0.008290002061476003
77,"Qlearntab_LLM_{'alpha': 0.05, 'gamma': 0.95, 'epsilon': 0.2, 'epsilon_step': 0.01}",,77,4,1,-14,0.003999948501586914,"[0, 0, 1, 1, 1]",0.3299894785319032,0.010312171204121975
78,"Qlearntab_LLM_{'alpha': 0.05, 'gamma': 0.95, 'epsilon': 0.2, 'epsilon_step': 0.01}",,78,99,1,-13,0.08954095840454102,"[1, 0, 0, 0, 0, 0, 2, 2, 2, 3, 2, 3, 2, 3, 3, 2, 3, 2, 3, 2, 3, 2, 2, 2, 3, 2, 3, 2, 2, 3, 2, 3, 2, 2, 2, 2, 3, 2, 3, 0, 3, 2, 2, 2, 3, 2, 2, 3, 2, 3, 2, 2, 2, 2, 3, 2, 2, 3, 2, 3, 2, 2, 3, 2, 2, 3, 2, 3, 2, 3, 2, 3, 2, 2, 2, 2, 3, 2, 3, 2, 3, 2, 2, 2, 2, 2, 2, 3, 2, 3, 2, 2, 3, 2, 2, 2, 3, 2, 3, 2]",0.35903086492476677,0.011219714528898962
79,"Qlearntab_LLM_{'alpha': 0.05, 'gamma': 0.95, 'epsilon': 0.2, 'epsilon_step': 0.01}",,79,3,-1,-14,0.003999948501586914,"[1, 3, 3, 1]",0.3245652510741338,0.010142664096066682
80,"Qlearntab_LLM_{'alpha': 0.05, 'gamma': 0.95, 'epsilon': 0.2, 'epsilon_step': 0.01}",,80,3,-1,-15,0.0040569305419921875,"[1, 1, 0, 0]",0.30797579527635893,0.009624243602386217
81,"Qlearntab_LLM_{'alpha': 0.05, 'gamma': 0.95, 'epsilon': 0.2, 'epsilon_step': 0.01}",,81,0,-1,-16,0.0010001659393310547,[1],0.2697863830970444,0.008430824471782637
82,"Qlearntab_LLM_{'alpha': 0.05, 'gamma': 0.95, 'epsilon': 0.2, 'epsilon_step': 0.01}",,82,99,1,-15,0.09056735038757324,"[0, 0, 0, 0, 0, 2, 2, 3, 2, 2, 2, 3, 2, 3, 2, 3, 2, 2, 3, 2, 2, 3, 2, 3, 2, 3, 0, 3, 2, 2, 3, 2, 3, 2, 2, 2, 3, 2, 2, 3, 2, 3, 2, 3, 2, 3, 2, 3, 3, 2, 3, 2, 3, 2, 3, 2, 1, 2, 2, 3, 2, 2, 2, 3, 2, 2, 2, 3, 3, 3, 2, 3, 2, 2, 2, 3, 3, 2, 2, 2, 2, 3, 2, 2, 2, 3, 2, 3, 2, 3, 2, 2, 2, 3, 2, 3, 2, 3, 3, 2]",0.3155573665952691,0.00986116770610216
83,"Qlearntab_LLM_{'alpha': 0.05, 'gamma': 0.95, 'epsilon': 0.2, 'epsilon_step': 0.01}",,83,2,-1,-16,0.003000020980834961,"[2, 0, 1]",0.2828260237860336,0.00883831324331355
84,"Qlearntab_LLM_{'alpha': 0.05, 'gamma': 0.95, 'epsilon': 0.2, 'epsilon_step': 0.01}",,84,2,-1,-17,0.004069328308105469,"[2, 2, 1]",0.2665916176975873,0.008330988053049604
85,"Qlearntab_LLM_{'alpha': 0.05, 'gamma': 0.95, 'epsilon': 0.2, 'epsilon_step': 0.01}",,85,0,-1,-18,0.0010006427764892578,[2],0.23205926373034486,0.007251851991573277
86,"Qlearntab_LLM_{'alpha': 0.05, 'gamma': 0.95, 'epsilon': 0.2, 'epsilon_step': 0.01}",,86,11,-1,-19,0.011090278625488281,"[0, 0, 0, 3, 2, 0, 1, 1, 1, 1, 1, 1]",0.25019023471111235,0.00781844483472226
87,"Qlearntab_LLM_{'alpha': 0.05, 'gamma': 0.95, 'epsilon': 0.2, 'epsilon_step': 0.01}",,87,99,1,-18,0.08968901634216309,"[2, 0, 0, 0, 2, 2, 2, 2, 3, 2, 3, 2, 2, 3, 2, 3, 2, 2, 2, 3, 0, 3, 2, 3, 2, 2, 2, 2, 2, 3, 2, 3, 2, 2, 2, 2, 2, 3, 2, 2, 2, 0, 2, 3, 2, 2, 2, 3, 2, 2, 3, 2, 2, 3, 2, 3, 2, 3, 2, 3, 2, 2, 2, 2, 2, 3, 2, 3, 2, 2, 3, 2, 3, 2, 3, 2, 3, 2, 2, 2, 3, 2, 2, 2, 3, 2, 3, 2, 2, 2, 3, 2, 3, 2, 2, 3, 2, 2, 3, 2]",0.29665211198006947,0.00927037849937717
88,"Qlearntab_LLM_{'alpha': 0.05, 'gamma': 0.95, 'epsilon': 0.2, 'epsilon_step': 0.01}",,88,2,-1,-19,0.0030012130737304688,"[3, 3, 2]",0.26311426148517736,0.008222320671411792
89,"Qlearntab_LLM_{'alpha': 0.05, 'gamma': 0.95, 'epsilon': 0.2, 'epsilon_step': 0.01}",,89,0,-1,-20,0.0009989738464355469,[2],0.23063660678886144,0.00720739396215192
90,"Qlearntab_LLM_{'alpha': 0.05, 'gamma': 0.95, 'epsilon': 0.2, 'epsilon_step': 0.01}",,90,7,-1,-21,0.008059263229370117,"[2, 0, 0, 2, 0, 0, 1, 1]",0.20295280795916648,0.0063422752487239525
91,"Qlearntab_LLM_{'alpha': 0.05, 'gamma': 0.95, 'epsilon': 0.2, 'epsilon_step': 0.01}",,91,99,1,-20,0.08958292007446289,"[0, 0, 0, 0, 0, 0, 2, 2, 3, 2, 2, 2, 3, 2, 3, 2, 3, 2, 3, 2, 2, 2, 2, 2, 3, 2, 3, 2, 2, 3, 2, 3, 3, 2, 2, 2, 3, 2, 3, 2, 3, 2, 3, 2, 3, 2, 3, 2, 2, 3, 2, 2, 2, 3, 2, 2, 0, 3, 2, 2, 2, 2, 0, 2, 2, 3, 2, 3, 2, 2, 3, 2, 2, 3, 3, 2, 0, 0, 3, 2, 2, 2, 3, 2, 3, 3, 2, 2, 2, 3, 2, 3, 2, 2, 2, 2, 3, 2, 2, 2]",0.2525152575848906,0.00789110179952783
92,"Qlearntab_LLM_{'alpha': 0.05, 'gamma': 0.95, 'epsilon': 0.2, 'epsilon_step': 0.01}",,92,1,-1,-21,0.0020008087158203125,"[1, 0]",0.2231933991907947,0.006974793724712334
93,"Qlearntab_LLM_{'alpha': 0.05, 'gamma': 0.95, 'epsilon': 0.2, 'epsilon_step': 0.01}",,93,99,1,-20,0.0885765552520752,"[0, 0, 0, 0, 0, 0, 2, 2, 2, 3, 2, 3, 2, 3, 2, 2, 2, 3, 2, 3, 2, 3, 0, 3, 2, 3, 2, 3, 2, 3, 2, 3, 2, 1, 0, 3, 2, 3, 2, 2, 3, 2, 3, 2, 2, 0, 2, 2, 2, 2, 3, 2, 3, 2, 3, 2, 3, 2, 3, 0, 3, 2, 3, 2, 3, 2, 3, 2, 3, 2, 3, 2, 3, 3, 2, 3, 2, 3, 2, 3, 2, 3, 2, 2, 2, 2, 3, 2, 3, 2, 2, 2, 3, 2, 2, 2, 2, 3, 2, 3]",0.267603945868036,0.008362623308376125
94,"Qlearntab_LLM_{'alpha': 0.05, 'gamma': 0.95, 'epsilon': 0.2, 'epsilon_step': 0.01}",,94,79,0,-20,0.07146906852722168,"[0, 0, 1, 0, 3, 1, 0, 2, 2, 3, 2, 3, 2, 3, 2, 2, 3, 0, 3, 3, 3, 2, 2, 3, 3, 2, 2, 2, 2, 3, 2, 3, 2, 2, 3, 2, 2, 3, 2, 3, 2, 2, 2, 2, 3, 2, 2, 3, 2, 2, 3, 2, 2, 3, 0, 3, 2, 0, 3, 2, 3, 2, 3, 2, 3, 2, 3, 2, 2, 3, 2, 3, 2, 3, 2, 2, 0, 0, 1, 2]",0.294550221662017,0.009204694426938031
95,"Qlearntab_LLM_{'alpha': 0.05, 'gamma': 0.95, 'epsilon': 0.2, 'epsilon_step': 0.01}",,95,99,1,-19,0.08879780769348145,"[1, 3, 0, 0, 0, 0, 2, 3, 2, 2, 3, 2, 3, 2, 3, 2, 3, 2, 3, 2, 3, 2, 3, 2, 2, 3, 2, 2, 3, 2, 2, 3, 2, 3, 2, 3, 2, 2, 2, 3, 2, 2, 2, 2, 3, 2, 3, 2, 2, 2, 2, 3, 2, 3, 2, 3, 2, 2, 0, 2, 1, 2, 2, 3, 2, 3, 2, 3, 2, 3, 2, 2, 2, 2, 2, 2, 2, 3, 2, 2, 2, 3, 2, 2, 2, 2, 2, 2, 2, 3, 2, 2, 3, 2, 3, 2, 2, 3, 2, 2]",0.34231513096068455,0.010697347842521392
96,"Qlearntab_LLM_{'alpha': 0.05, 'gamma': 0.95, 'epsilon': 0.2, 'epsilon_step': 0.01}",,96,99,1,-18,0.08956336975097656,"[3, 0, 0, 0, 0, 2, 2, 2, 3, 2, 3, 2, 3, 2, 2, 3, 3, 2, 3, 2, 2, 3, 2, 2, 3, 2, 2, 2, 2, 2, 2, 3, 2, 3, 2, 3, 2, 3, 2, 2, 3, 3, 2, 3, 2, 2, 2, 0, 3, 2, 3, 2, 3, 3, 2, 2, 2, 3, 2, 2, 3, 2, 3, 2, 3, 2, 3, 2, 2, 3, 2, 3, 0, 3, 2, 3, 2, 2, 2, 2, 3, 2, 3, 2, 1, 0, 3, 2, 2, 2, 3, 2, 0, 2, 3, 2, 3, 2, 2, 2]",0.382839003091476,0.011963718846608625
97,"Qlearntab_LLM_{'alpha': 0.05, 'gamma': 0.95, 'epsilon': 0.2, 'epsilon_step': 0.01}",,97,3,-1,-19,0.004058122634887695,"[2, 1, 1, 2]",0.38194581853472154,0.011935806829210048
98,"Qlearntab_LLM_{'alpha': 0.05, 'gamma': 0.95, 'epsilon': 0.2, 'epsilon_step': 0.01}",,98,99,1,-18,0.09062433242797852,"[0, 0, 0, 0, 2, 0, 2, 2, 2, 3, 2, 2, 2, 2, 2, 3, 2, 3, 2, 3, 2, 3, 2, 2, 3, 0, 2, 3, 3, 2, 2, 2, 2, 3, 2, 3, 2, 2, 3, 2, 2, 2, 2, 2, 3, 2, 3, 2, 3, 2, 3, 2, 2, 2, 3, 2, 3, 2, 3, 2, 3, 2, 3, 2, 3, 2, 3, 2, 2, 2, 2, 2, 3, 2, 2, 2, 3, 2, 3, 2, 2, 2, 2, 3, 0, 3, 2, 3, 2, 3, 2, 3, 0, 2, 3, 2, 3, 2, 3, 2]",0.4267921673116143,0.013337255228487947
99,"Qlearntab_LLM_{'alpha': 0.05, 'gamma': 0.95, 'epsilon': 0.2, 'epsilon_step': 0.01}",,99,3,-1,-19,0.0030002593994140625,"[0, 1, 0, 1]",0.40166617112487474,0.012552067847652336
100,"Qlearntab_LLM_{'alpha': 0.05, 'gamma': 0.95, 'epsilon': 0.2, 'epsilon_step': 0.01}",,100,15,1,-18,0.015050888061523438,"[0, 1, 1, 3, 1, 0, 0, 0, 0, 0, 0, 0, 0, 0, 1, 1]",0.493271100355568,0.0154147218861115
101,"Qlearntab_LLM_{'alpha': 0.05, 'gamma': 0.95, 'epsilon': 0.2, 'epsilon_step': 0.01}",,101,99,1,-17,0.08956003189086914,"[1, 0, 0, 3, 0, 0, 2, 1, 0, 0, 0, 0, 0, 2, 2, 3, 2, 3, 2, 3, 2, 2, 2, 3, 2, 3, 2, 2, 2, 2, 2, 2, 3, 2, 3, 2, 2, 3, 2, 2, 3, 2, 2, 3, 2, 3, 0, 2, 3, 2, 2, 2, 3, 3, 3, 2, 0, 2, 3, 2, 2, 3, 1, 2, 3, 2, 3, 2, 2, 3, 2, 3, 3, 2, 3, 2, 3, 2, 3, 2, 3, 2, 3, 3, 2, 2, 2, 3, 2, 3, 2, 2, 2, 2, 3, 2, 2, 3, 2, 3]",0.5805402918315459,0.01814188411973581
102,"Qlearntab_LLM_{'alpha': 0.05, 'gamma': 0.95, 'epsilon': 0.2, 'epsilon_step': 0.01}",,102,99,1,-16,0.08964157104492188,"[0, 0, 2, 2, 2, 1, 0, 3, 2, 2, 2, 2, 2, 2, 3, 2, 2, 3, 2, 2, 3, 2, 3, 2, 2, 2, 2, 3, 2, 2, 2, 3, 2, 2, 3, 2, 2, 2, 3, 2, 2, 3, 2, 3, 2, 3, 2, 2, 2, 2, 2, 3, 2, 2, 0, 2, 3, 2, 3, 2, 3, 2, 3, 2, 3, 2, 3, 2, 2, 2, 2, 2, 2, 3, 0, 3, 2, 2, 2, 3, 2, 3, 2, 2, 2, 3, 2, 2, 2, 3, 2, 3, 2, 3, 2, 3, 2, 3, 2, 3]",0.6255045121214158,0.019547016003794243
103,"Qlearntab_LLM_{'alpha': 0.05, 'gamma': 0.95, 'epsilon': 0.2, 'epsilon_step': 0.01}",,103,99,1,-15,0.0895085334777832,"[3, 0, 0, 0, 2, 2, 3, 2, 2, 2, 3, 2, 3, 2, 3, 0, 2, 2, 3, 0, 3, 2, 2, 2, 3, 2, 2, 3, 2, 3, 2, 2, 2, 3, 2, 3, 0, 3, 2, 3, 2, 1, 2, 2, 2, 3, 3, 2, 3, 2, 3, 2, 2, 3, 2, 3, 2, 2, 2, 3, 3, 2, 2, 2, 3, 2, 2, 3, 2, 3, 2, 3, 2, 3, 2, 3, 2, 2, 3, 2, 2, 3, 2, 2, 3, 2, 3, 2, 2, 2, 3, 2, 2, 3, 2, 2, 2, 3, 2, 2]",0.665669920302036,0.020802185009438624
104,"Qlearntab_LLM_{'alpha': 0.05, 'gamma': 0.95, 'epsilon': 0.2, 'epsilon_step': 0.01}",,104,99,1,-14,0.08861780166625977,"[1, 0, 0, 0, 2, 2, 3, 2, 3, 2, 3, 2, 2, 2, 3, 2, 2, 2, 2, 2, 3, 2, 2, 3, 2, 3, 2, 3, 2, 2, 2, 3, 2, 3, 2, 3, 2, 2, 3, 2, 2, 2, 3, 2, 3, 2, 2, 3, 2, 3, 2, 2, 2, 2, 2, 3, 2, 3, 2, 3, 2, 2, 2, 3, 3, 2, 2, 2, 2, 2, 3, 2, 3, 2, 3, 2, 3, 2, 3, 0, 2, 3, 2, 3, 2, 3, 2, 3, 2, 3, 2, 3, 2, 2, 2, 2, 2, 2, 2, 2]",0.6908220071106959,0.021588187722209246
105,"Qlearntab_LLM_{'alpha': 0.05, 'gamma': 0.95, 'epsilon': 0.2, 'epsilon_step': 0.01}",,105,1,-1,-15,0.0010001659393310547,"[0, 0]",0.6497754317347112,0.020305482241709725
106,"Qlearntab_LLM_{'alpha': 0.05, 'gamma': 0.95, 'epsilon': 0.2, 'epsilon_step': 0.01}",,106,99,1,-14,0.08971238136291504,"[1, 3, 1, 0, 0, 0, 1, 0, 0, 2, 2, 3, 2, 3, 2, 2, 2, 3, 2, 2, 3, 2, 1, 2, 2, 3, 2, 3, 2, 2, 2, 2, 2, 3, 2, 3, 3, 2, 2, 3, 2, 2, 3, 2, 3, 2, 2, 3, 2, 3, 2, 3, 2, 3, 2, 3, 2, 2, 2, 3, 2, 3, 3, 2, 3, 3, 2, 2, 2, 2, 2, 3, 2, 2, 3, 2, 2, 3, 2, 3, 2, 3, 2, 3, 3, 3, 2, 3, 2, 2, 3, 2, 3, 0, 3, 2, 3, 2, 3, 2]",0.697931807704812,0.021810368990775375
107,"Qlearntab_LLM_{'alpha': 0.05, 'gamma': 0.95, 'epsilon': 0.2, 'epsilon_step': 0.01}",,107,1,-1,-15,0.002060413360595703,"[3, 1]",0.6590612549459742,0.020595664217061695
108,"Qlearntab_LLM_{'alpha': 0.05, 'gamma': 0.95, 'epsilon': 0.2, 'epsilon_step': 0.01}",,108,99,1,-14,0.08953523635864258,"[2, 0, 1, 3, 2, 0, 3, 3, 1, 2, 0, 0, 0, 2, 2, 3, 2, 2, 3, 2, 3, 3, 2, 2, 2, 3, 2, 3, 2, 3, 2, 3, 2, 2, 2, 3, 2, 3, 2, 2, 3, 2, 3, 2, 3, 2, 3, 3, 2, 3, 2, 2, 2, 2, 2, 2, 3, 2, 3, 3, 0, 3, 2, 3, 3, 2, 3, 2, 3, 2, 3, 3, 2, 2, 3, 2, 3, 2, 3, 2, 2, 3, 2, 2, 2, 3, 2, 3, 2, 3, 2, 2, 2, 3, 2, 3, 2, 3, 3, 2]",0.7544711423926176,0.0235772231997693
109,"Qlearntab_LLM_{'alpha': 0.05, 'gamma': 0.95, 'epsilon': 0.2, 'epsilon_step': 0.01}",,109,1,-1,-15,0.0030755996704101562,"[3, 2]",0.7222755695867299,0.02257111154958531
110,"Qlearntab_LLM_{'alpha': 0.05, 'gamma': 0.95, 'epsilon': 0.2, 'epsilon_step': 0.01}",,110,1,-1,-16,0.0019998550415039062,"[3, 3]",0.6785168321350291,0.02120365100421966
111,"Qlearntab_LLM_{'alpha': 0.05, 'gamma': 0.95, 'epsilon': 0.2, 'epsilon_step': 0.01}",,111,99,1,-15,0.08859515190124512,"[3, 0, 0, 0, 2, 2, 3, 2, 3, 1, 2, 3, 2, 2, 3, 2, 3, 2, 3, 0, 3, 2, 2, 2, 2, 2, 2, 2, 3, 2, 3, 2, 3, 2, 2, 2, 3, 2, 2, 3, 2, 3, 2, 2, 3, 2, 2, 2, 3, 2, 3, 2, 2, 2, 3, 2, 3, 2, 2, 2, 2, 0, 0, 0, 0, 0, 0, 2, 2, 2, 3, 2, 3, 2, 3, 2, 2, 3, 3, 2, 2, 2, 0, 2, 0, 0, 2, 2, 2, 1, 0, 3, 2, 3, 2, 3, 2, 2, 2, 2]",0.7317570052527769,0.022867406414149277
112,"Qlearntab_LLM_{'alpha': 0.05, 'gamma': 0.95, 'epsilon': 0.2, 'epsilon_step': 0.01}",,112,99,1,-14,0.08861899375915527,"[0, 2, 0, 0, 2, 2, 3, 2, 3, 2, 3, 2, 3, 2, 2, 2, 3, 2, 3, 0, 3, 2, 2, 3, 2, 2, 2, 2, 2, 2, 3, 2, 3, 2, 3, 2, 2, 2, 2, 2, 2, 2, 2, 3, 3, 2, 2, 3, 2, 3, 2, 3, 2, 2, 1, 0, 2, 2, 2, 2, 3, 1, 2, 3, 3, 2, 3, 2, 3, 2, 2, 2, 2, 3, 2, 3, 2, 2, 3, 2, 3, 2, 3, 2, 3, 2, 3, 2, 3, 2, 3, 2, 3, 2, 2, 3, 0, 3, 3, 2]",0.7781158844645888,0.0243161213895184
113,"Qlearntab_LLM_{'alpha': 0.05, 'gamma': 0.95, 'epsilon': 0.2, 'epsilon_step': 0.01}",,113,7,1,-13,0.008060216903686523,"[1, 2, 2, 0, 1, 1, 1, 1]",0.8673498470491121,0.027104682720284753
114,"Qlearntab_LLM_{'alpha': 0.05, 'gamma': 0.95, 'epsilon': 0.2, 'epsilon_step': 0.01}",,114,45,2,-11,0.04238271713256836,"[1, 3, 3, 0, 0, 1, 0, 0, 0, 2, 2, 3, 2, 2, 0, 2, 2, 2, 3, 2, 2, 2, 3, 3, 2, 2, 3, 2, 3, 3, 2, 2, 3, 2, 3, 2, 2, 3, 2, 3, 2, 1, 0, 0, 1, 1]",0.9872384541665957,0.030851201692706116
115,"Qlearntab_LLM_{'alpha': 0.05, 'gamma': 0.95, 'epsilon': 0.2, 'epsilon_step': 0.01}",,115,99,1,-10,0.09161496162414551,"[0, 1, 0, 0, 0, 0, 0, 0, 0, 0, 0, 2, 2, 3, 2, 2, 2, 3, 2, 3, 2, 3, 2, 2, 0, 2, 3, 2, 3, 2, 2, 2, 2, 3, 2, 3, 2, 2, 3, 2, 2, 3, 2, 3, 2, 2, 2, 3, 2, 2, 2, 2, 3, 2, 3, 2, 3, 2, 3, 2, 2, 3, 2, 3, 0, 3, 2, 3, 2, 2, 2, 3, 2, 3, 2, 2, 3, 2, 3, 2, 3, 2, 3, 0, 3, 2, 2, 3, 2, 2, 3, 2, 0, 2, 0, 0, 2, 2, 3, 3]",1.044468549630998,0.03263964217596869
116,"Qlearntab_LLM_{'alpha': 0.05, 'gamma': 0.95, 'epsilon': 0.2, 'epsilon_step': 0.01}",,116,11,-1,-11,0.012060403823852539,"[3, 0, 0, 0, 0, 0, 0, 0, 0, 0, 0, 1]",1.0064263599782868,0.03145082374932146
117,"Qlearntab_LLM_{'alpha': 0.05, 'gamma': 0.95, 'epsilon': 0.2, 'epsilon_step': 0.01}",,117,99,1,-10,0.08953332901000977,"[2, 3, 1, 2, 3, 0, 0, 0, 2, 2, 3, 2, 3, 2, 2, 3, 2, 3, 3, 2, 3, 2, 3, 2, 3, 2, 3, 2, 2, 2, 2, 2, 2, 2, 3, 2, 2, 2, 2, 3, 2, 3, 2, 2, 3, 2, 2, 2, 0, 0, 0, 2, 2, 2, 2, 3, 2, 3, 2, 3, 2, 2, 2, 2, 2, 2, 3, 2, 3, 2, 3, 2, 2, 2, 2, 2, 3, 2, 2, 3, 2, 3, 2, 2, 2, 3, 2, 2, 2, 2, 3, 2, 3, 3, 2, 2, 0, 0, 3, 2]",1.0585742916201744,0.03308044661313045
118,"Qlearntab_LLM_{'alpha': 0.05, 'gamma': 0.95, 'epsilon': 0.2, 'epsilon_step': 0.01}",,118,99,1,-9,0.09061884880065918,"[1, 0, 0, 2, 2, 3, 2, 2, 3, 2, 2, 2, 2, 3, 3, 2, 3, 2, 2, 3, 2, 3, 2, 3, 2, 3, 2, 3, 2, 3, 2, 3, 2, 2, 3, 2, 2, 2, 3, 0, 3, 2, 3, 2, 2, 2, 2, 3, 3, 2, 3, 3, 2, 3, 2, 3, 2, 3, 0, 3, 2, 3, 2, 3, 3, 2, 2, 3, 2, 3, 2, 2, 3, 2, 2, 3, 2, 3, 2, 3, 2, 3, 2, 2, 3, 2, 2, 2, 3, 2, 2, 2, 3, 2, 2, 0, 3, 3, 2, 2]",1.0865298894578748,0.033954059045558586
119,"Qlearntab_LLM_{'alpha': 0.05, 'gamma': 0.95, 'epsilon': 0.2, 'epsilon_step': 0.01}",,119,9,-1,-10,0.010085582733154297,"[0, 3, 3, 0, 0, 0, 0, 0, 0, 2]",1.0569545286416007,0.03302982902005002
120,"Qlearntab_LLM_{'alpha': 0.05, 'gamma': 0.95, 'epsilon': 0.2, 'epsilon_step': 0.01}",,120,99,1,-9,0.08960103988647461,"[1, 1, 0, 1, 2, 2, 2, 3, 2, 2, 2, 3, 2, 2, 2, 3, 2, 3, 2, 3, 2, 3, 2, 3, 2, 2, 2, 2, 2, 2, 2, 3, 2, 2, 3, 2, 3, 2, 3, 2, 2, 2, 3, 0, 3, 2, 3, 2, 3, 2, 3, 2, 3, 2, 2, 3, 2, 2, 2, 2, 3, 2, 3, 2, 3, 3, 2, 3, 2, 3, 2, 2, 2, 3, 0, 3, 2, 3, 0, 3, 3, 2, 3, 2, 2, 2, 3, 3, 2, 3, 2, 2, 2, 2, 0, 3, 2, 3, 2, 3]",1.1028822553183317,0.034465070478697866
121,"Qlearntab_LLM_{'alpha': 0.05, 'gamma': 0.95, 'epsilon': 0.2, 'epsilon_step': 0.01}",,121,99,1,-8,0.08856558799743652,"[0, 1, 3, 0, 0, 0, 0, 2, 1, 0, 2, 2, 3, 2, 3, 0, 3, 2, 3, 2, 3, 2, 3, 2, 3, 3, 2, 3, 2, 2, 1, 2, 2, 2, 3, 2, 2, 2, 2, 3, 2, 2, 2, 3, 0, 3, 2, 2, 2, 2, 3, 2, 2, 2, 3, 3, 2, 2, 2, 2, 2, 2, 2, 3, 2, 3, 2, 2, 2, 2, 1, 2, 3, 2, 3, 2, 3, 2, 3, 3, 2, 3, 2, 2, 2, 2, 2, 2, 2, 2, 3, 2, 2, 2, 2, 3, 2, 3, 2, 3]",1.150272573313471,0.03594601791604597
122,"Qlearntab_LLM_{'alpha': 0.05, 'gamma': 0.95, 'epsilon': 0.2, 'epsilon_step': 0.01}",,122,99,1,-7,0.09062457084655762,"[2, 0, 0, 0, 2, 2, 3, 2, 3, 2, 3, 2, 3, 2, 2, 3, 2, 3, 2, 3, 2, 2, 3, 2, 3, 2, 3, 2, 3, 2, 3, 3, 2, 2, 2, 2, 2, 2, 2, 2, 0, 0, 0, 2, 2, 2, 2, 3, 2, 3, 2, 2, 3, 2, 2, 3, 2, 2, 2, 2, 2, 3, 2, 2, 2, 2, 2, 3, 2, 2, 2, 2, 3, 2, 2, 2, 2, 2, 3, 2, 3, 2, 2, 3, 3, 2, 2, 2, 2, 2, 2, 2, 2, 2, 3, 2, 3, 2, 2, 2]",1.1836634727376865,0.0369894835230527
123,"Qlearntab_LLM_{'alpha': 0.05, 'gamma': 0.95, 'epsilon': 0.2, 'epsilon_step': 0.01}",,123,4,1,-6,0.004092216491699219,"[3, 1, 2, 1, 1]",1.2460782815887028,0.03893994629964696
124,"Qlearntab_LLM_{'alpha': 0.05, 'gamma': 0.95, 'epsilon': 0.2, 'epsilon_step': 0.01}",,124,99,1,-5,0.08955144882202148,"[1, 0, 0, 2, 2, 2, 3, 2, 3, 2, 3, 2, 3, 2, 2, 3, 2, 3, 2, 3, 3, 2, 2, 2, 2, 3, 2, 3, 2, 3, 2, 3, 2, 2, 3, 2, 1, 0, 3, 2, 3, 2, 3, 2, 3, 2, 3, 2, 2, 3, 2, 2, 3, 2, 3, 2, 3, 2, 3, 2, 2, 3, 2, 2, 2, 3, 2, 3, 2, 3, 2, 3, 2, 2, 2, 3, 2, 2, 3, 2, 2, 2, 2, 2, 2, 3, 2, 2, 2, 3, 2, 2, 2, 2, 2, 3, 2, 3, 2, 3]",1.272688235981099,0.03977150737440934
125,"Qlearntab_LLM_{'alpha': 0.05, 'gamma': 0.95, 'epsilon': 0.2, 'epsilon_step': 0.01}",,125,99,1,-4,0.09177303314208984,"[3, 0, 0, 2, 2, 2, 3, 2, 3, 2, 2, 2, 2, 3, 2, 2, 3, 2, 3, 2, 2, 3, 2, 3, 2, 2, 3, 2, 2, 2, 3, 2, 3, 2, 0, 2, 2, 3, 2, 3, 2, 2, 3, 2, 3, 2, 2, 2, 2, 3, 2, 2, 2, 2, 2, 3, 2, 3, 2, 2, 3, 2, 3, 2, 2, 2, 3, 2, 2, 0, 0, 0, 0, 2, 2, 3, 2, 2, 3, 3, 2, 2, 3, 2, 3, 2, 2, 3, 2, 3, 2, 3, 1, 2, 3, 2, 3, 2, 3, 2]",1.2973458528751718,0.04054205790234912
126,"Qlearntab_LLM_{'alpha': 0.05, 'gamma': 0.95, 'epsilon': 0.2, 'epsilon_step': 0.01}",,126,4,-1,-5,0.005000591278076172,"[3, 3, 2, 1, 1]",1.2723845189625693,0.03976201621758029
127,"Qlearntab_LLM_{'alpha': 0.05, 'gamma': 0.95, 'epsilon': 0.2, 'epsilon_step': 0.01}",,127,99,1,-4,0.09380269050598145,"[0, 0, 0, 0, 2, 2, 3, 2, 3, 2, 2, 2, 2, 2, 2, 3, 2, 2, 2, 3, 0, 3, 3, 2, 3, 2, 3, 0, 3, 2, 3, 2, 3, 2, 3, 2, 3, 2, 3, 2, 3, 2, 3, 2, 2, 3, 2, 3, 2, 2, 2, 2, 3, 2, 3, 2, 3, 2, 2, 3, 2, 2, 3, 2, 3, 2, 1, 2, 0, 2, 2, 2, 2, 3, 3, 2, 2, 2, 3, 2, 3, 2, 3, 2, 3, 2, 3, 2, 3, 2, 2, 2, 0, 2, 2, 3, 2, 3, 2, 3]",1.3038791420836764,0.04074622319011489
128,"Qlearntab_LLM_{'alpha': 0.05, 'gamma': 0.95, 'epsilon': 0.2, 'epsilon_step': 0.01}",,128,0,-1,-5,0.0010037422180175781,[2],1.2696200298627507,0.03967562593321096
129,"Qlearntab_LLM_{'alpha': 0.05, 'gamma': 0.95, 'epsilon': 0.2, 'epsilon_step': 0.01}",,129,4,-1,-6,0.004996776580810547,"[1, 0, 1, 2, 2]",1.262438274057071,0.03945119606428347
130,"Qlearntab_LLM_{'alpha': 0.05, 'gamma': 0.95, 'epsilon': 0.2, 'epsilon_step': 0.01}",,130,99,1,-5,0.09361052513122559,"[3, 1, 2, 0, 0, 0, 0, 0, 3, 0, 0, 0, 0, 0, 2, 2, 3, 2, 2, 3, 2, 3, 2, 3, 2, 3, 2, 2, 2, 2, 3, 3, 2, 3, 2, 3, 2, 3, 2, 3, 2, 2, 2, 0, 0, 2, 2, 3, 2, 2, 2, 2, 2, 2, 3, 3, 2, 3, 2, 2, 2, 3, 2, 3, 2, 3, 2, 3, 2, 3, 2, 3, 2, 2, 0, 2, 2, 2, 2, 2, 2, 2, 2, 2, 2, 2, 3, 2, 3, 0, 3, 2, 2, 2, 3, 2, 2, 2, 2, 2]",1.3092237843115897,0.04091324325973718
131,"Qlearntab_LLM_{'alpha': 0.05, 'gamma': 0.95, 'epsilon': 0.2, 'epsilon_step': 0.01}",,131,4,-1,-6,0.0050661563873291016,"[1, 2, 0, 2, 0]",1.295572312176209,0.04048663475550653
132,"Qlearntab_LLM_{'alpha': 0.05, 'gamma': 0.95, 'epsilon': 0.2, 'epsilon_step': 0.01}",,132,0,-1,-7,0.002001523971557617,[1],1.2555227013729715,0.03923508441790536
133,"Qlearntab_LLM_{'alpha': 0.05, 'gamma': 0.95, 'epsilon': 0.2, 'epsilon_step': 0.01}",,133,2,-1,-8,0.003085613250732422,"[1, 0, 2]",1.232177773260785,0.03850555541439953
134,"Qlearntab_LLM_{'alpha': 0.05, 'gamma': 0.95, 'epsilon': 0.2, 'epsilon_step': 0.01}",,134,5,1,-7,0.006000518798828125,"[1, 3, 0, 1, 2, 1]",1.3208864620012695,0.04002686248488695
135,"Qlearntab_LLM_{'alpha': 0.05, 'gamma': 0.95, 'epsilon': 0.2, 'epsilon_step': 0.01}",,135,0,-1,-8,0.0009992122650146484,[1],1.2821268417997054,0.038852328539385014
136,"Qlearntab_LLM_{'alpha': 0.05, 'gamma': 0.95, 'epsilon': 0.2, 'epsilon_step': 0.01}",,136,4,-1,-9,0.0050640106201171875,"[3, 0, 3, 3, 3]",1.2406577192169244,0.03759568846111892
137,"Qlearntab_LLM_{'alpha': 0.05, 'gamma': 0.95, 'epsilon': 0.2, 'epsilon_step': 0.01}",,137,99,1,-8,0.08980894088745117,"[3, 1, 3, 2, 0, 0, 2, 2, 3, 2, 3, 2, 2, 3, 3, 2, 2, 2, 2, 3, 2, 3, 2, 3, 2, 3, 2, 3, 2, 2, 2, 2, 2, 2, 2, 2, 3, 2, 2, 3, 2, 3, 2, 3, 2, 3, 2, 3, 2, 3, 2, 3, 0, 3, 2, 3, 2, 3, 2, 3, 2, 2, 2, 0, 0, 2, 2, 2, 3, 2, 2, 2, 3, 2, 3, 2, 3, 2, 2, 3, 2, 2, 2, 2, 2, 0, 2, 2, 3, 2, 3, 2, 3, 2, 3, 2, 3, 2, 3, 0]",1.276332652092111,0.038676747033094275
138,"Qlearntab_LLM_{'alpha': 0.05, 'gamma': 0.95, 'epsilon': 0.2, 'epsilon_step': 0.01}",,138,0,-1,-9,0.0019998550415039062,[2],1.243195492364308,0.03767259067770631
139,"Qlearntab_LLM_{'alpha': 0.05, 'gamma': 0.95, 'epsilon': 0.2, 'epsilon_step': 0.01}",,139,99,1,-8,0.08962130546569824,"[1, 0, 0, 2, 2, 3, 2, 3, 2, 3, 2, 3, 2, 2, 2, 2, 3, 2, 3, 0, 3, 0, 3, 2, 3, 3, 2, 3, 2, 3, 2, 3, 2, 2, 3, 2, 2, 3, 2, 2, 2, 2, 2, 3, 3, 2, 3, 2, 2, 3, 2, 3, 2, 2, 3, 3, 2, 2, 2, 3, 2, 2, 2, 3, 2, 3, 2, 2, 3, 2, 3, 2, 3, 2, 3, 2, 3, 2, 3, 2, 3, 2, 3, 2, 3, 2, 2, 3, 2, 2, 3, 3, 2, 3, 2, 3, 2, 2, 2, 2]",1.2648849524257433,0.03832984704320434
140,"Qlearntab_LLM_{'alpha': 0.05, 'gamma': 0.95, 'epsilon': 0.2, 'epsilon_step': 0.01}",,140,72,2,-6,0.06735968589782715,"[1, 2, 1, 0, 0, 0, 1, 0, 0, 0, 2, 1, 2, 2, 2, 2, 3, 2, 3, 2, 2, 2, 3, 2, 2, 3, 2, 3, 2, 3, 2, 2, 2, 2, 3, 2, 2, 3, 2, 2, 2, 3, 2, 2, 3, 0, 3, 2, 2, 2, 2, 3, 2, 2, 2, 2, 3, 2, 2, 2, 2, 3, 2, 3, 2, 3, 3, 2, 3, 2, 3, 0, 1]",1.3765167509734644,0.04171262881737771
141,"Qlearntab_LLM_{'alpha': 0.05, 'gamma': 0.95, 'epsilon': 0.2, 'epsilon_step': 0.01}",,141,99,1,-5,0.08960151672363281,"[2, 3, 1, 0, 0, 0, 2, 2, 2, 2, 1, 2, 3, 3, 2, 3, 2, 2, 2, 2, 2, 3, 2, 3, 0, 3, 2, 3, 2, 3, 2, 2, 3, 2, 3, 2, 2, 2, 3, 2, 3, 2, 3, 2, 3, 2, 3, 2, 2, 3, 2, 3, 2, 3, 2, 2, 2, 2, 2, 3, 2, 3, 2, 2, 3, 3, 2, 2, 2, 2, 2, 2, 2, 2, 2, 3, 0, 3, 2, 2, 2, 2, 2, 3, 2, 3, 2, 2, 3, 2, 3, 2, 2, 3, 2, 3, 3, 2, 2, 3]",1.413451763224079,0.04283187161285088
142,"Qlearntab_LLM_{'alpha': 0.05, 'gamma': 0.95, 'epsilon': 0.2, 'epsilon_step': 0.01}",,142,99,1,-4,0.0906531810760498,"[3, 0, 0, 2, 2, 3, 2, 3, 2, 2, 3, 2, 2, 3, 2, 3, 2, 2, 2, 3, 2, 3, 2, 3, 2, 3, 2, 3, 2, 3, 2, 3, 2, 2, 2, 0, 2, 2, 2, 3, 2, 3, 2, 3, 2, 3, 2, 2, 3, 2, 3, 3, 2, 3, 2, 3, 2, 3, 2, 2, 2, 3, 2, 3, 2, 3, 2, 3, 2, 2, 3, 2, 2, 2, 3, 2, 3, 3, 2, 3, 2, 3, 2, 3, 2, 3, 2, 3, 2, 2, 2, 2, 3, 0, 3, 2, 2, 2, 2, 2]",1.427731152494311,0.04326458037861548
143,"Qlearntab_LLM_{'alpha': 0.05, 'gamma': 0.95, 'epsilon': 0.2, 'epsilon_step': 0.01}",,143,0,-1,-5,0.0009996891021728516,[2],1.3950580491201363,0.04227448633697383
144,"Qlearntab_LLM_{'alpha': 0.05, 'gamma': 0.95, 'epsilon': 0.2, 'epsilon_step': 0.01}",,144,94,2,-3,0.08472609519958496,"[3, 0, 1, 0, 0, 2, 0, 2, 2, 3, 2, 2, 2, 0, 2, 2, 3, 2, 3, 2, 3, 2, 2, 3, 2, 3, 0, 3, 2, 3, 2, 3, 2, 2, 2, 2, 3, 2, 2, 2, 3, 2, 3, 2, 3, 2, 2, 2, 3, 2, 2, 2, 2, 2, 3, 2, 2, 3, 2, 3, 2, 2, 2, 3, 2, 3, 2, 2, 0, 0, 2, 2, 2, 2, 2, 2, 2, 3, 2, 2, 3, 2, 2, 2, 2, 2, 2, 3, 2, 2, 2, 0, 0, 1, 1]",1.4587482200977075,0.04420449151811235
145,"Qlearntab_LLM_{'alpha': 0.05, 'gamma': 0.95, 'epsilon': 0.2, 'epsilon_step': 0.01}",,145,99,1,-2,0.08978724479675293,"[2, 2, 2, 3, 2, 0, 0, 2, 2, 2, 2, 3, 0, 3, 2, 3, 2, 2, 2, 0, 2, 2, 3, 2, 3, 2, 2, 2, 2, 2, 3, 2, 2, 3, 2, 3, 2, 3, 2, 1, 0, 3, 2, 3, 2, 3, 2, 2, 2, 3, 3, 2, 1, 0, 3, 2, 3, 2, 3, 2, 2, 2, 3, 2, 3, 2, 2, 2, 2, 2, 2, 3, 2, 3, 2, 2, 2, 3, 2, 2, 3, 2, 3, 2, 3, 2, 3, 2, 3, 3, 2, 3, 2, 2, 2, 2, 3, 2, 2, 3]",1.539408979798884,0.046648756963602545
146,"Qlearntab_LLM_{'alpha': 0.05, 'gamma': 0.95, 'epsilon': 0.2, 'epsilon_step': 0.01}",,146,6,-1,-3,0.007086277008056641,"[2, 0, 0, 0, 0, 1, 0]",1.5100741002409634,0.04575982121942313
147,"Qlearntab_LLM_{'alpha': 0.05, 'gamma': 0.95, 'epsilon': 0.2, 'epsilon_step': 0.01}",,147,5,-1,-4,0.0060002803802490234,"[1, 3, 3, 3, 1, 3]",1.4745955909163024,0.044684714876251586
148,"Qlearntab_LLM_{'alpha': 0.05, 'gamma': 0.95, 'epsilon': 0.2, 'epsilon_step': 0.01}",,148,99,1,-3,0.08959364891052246,"[0, 0, 0, 2, 2, 3, 2, 3, 2, 3, 2, 2, 3, 2, 2, 2, 2, 2, 3, 2, 2, 3, 2, 2, 2, 3, 2, 3, 2, 3, 2, 2, 2, 3, 2, 2, 2, 3, 2, 3, 2, 2, 3, 2, 2, 3, 2, 3, 2, 3, 2, 2, 3, 2, 3, 2, 2, 3, 2, 3, 2, 2, 3, 2, 2, 3, 2, 3, 2, 3, 3, 2, 2, 2, 2, 2, 3, 2, 3, 2, 3, 2, 2, 3, 2, 3, 2, 3, 2, 3, 2, 2, 2, 3, 3, 0, 3, 2, 2, 3]",1.4901488319561813,0.04515602521079337
149,"Qlearntab_LLM_{'alpha': 0.05, 'gamma': 0.95, 'epsilon': 0.2, 'epsilon_step': 0.01}",,149,99,1,-2,0.08870124816894531,"[0, 0, 1, 3, 0, 0, 0, 0, 2, 2, 3, 2, 3, 2, 3, 2, 2, 2, 3, 2, 3, 2, 2, 2, 3, 2, 2, 3, 0, 3, 3, 0, 3, 2, 3, 2, 3, 2, 2, 3, 2, 3, 0, 2, 2, 2, 2, 3, 2, 2, 3, 2, 2, 2, 2, 2, 2, 3, 2, 3, 2, 3, 2, 2, 2, 2, 2, 2, 2, 3, 2, 3, 2, 3, 2, 3, 2, 2, 2, 3, 2, 2, 2, 3, 2, 3, 1, 2, 3, 2, 2, 0, 2, 2, 3, 2, 2, 2, 2, 2]",1.5403124560606793,0.0466761350321418
150,"Qlearntab_LLM_{'alpha': 0.05, 'gamma': 0.95, 'epsilon': 0.2, 'epsilon_step': 0.01}",,150,7,-1,-3,0.008077144622802734,"[2, 0, 2, 0, 0, 1, 0, 1]",1.5173298800077881,0.045979693333569334
151,"Qlearntab_LLM_{'alpha': 0.05, 'gamma': 0.95, 'epsilon': 0.2, 'epsilon_step': 0.01}",,151,0,-1,-4,0.0010006427764892578,[2],1.4815639570039287,0.04489587748496754
152,"Qlearntab_LLM_{'alpha': 0.05, 'gamma': 0.95, 'epsilon': 0.2, 'epsilon_step': 0.01}",,152,4,-1,-5,0.0050868988037109375,"[1, 2, 1, 2, 2]",1.4703597552417416,0.044556356219446716
153,"Qlearntab_LLM_{'alpha': 0.05, 'gamma': 0.95, 'epsilon': 0.2, 'epsilon_step': 0.01}",,153,99,1,-4,0.09155750274658203,"[0, 0, 0, 2, 2, 2, 2, 2, 2, 2, 2, 3, 3, 2, 3, 2, 2, 3, 2, 3, 2, 3, 2, 2, 2, 3, 2, 3, 2, 3, 2, 3, 2, 3, 2, 3, 2, 3, 2, 3, 2, 2, 2, 3, 2, 3, 2, 3, 2, 2, 3, 2, 3, 2, 2, 2, 2, 2, 2, 3, 2, 2, 3, 2, 3, 2, 3, 0, 3, 2, 2, 2, 2, 3, 2, 2, 2, 3, 2, 3, 2, 3, 2, 2, 3, 2, 3, 2, 3, 2, 3, 2, 3, 2, 2, 2, 3, 3, 2, 3]",1.4847941941506135,0.0449937634591095
154,"Qlearntab_LLM_{'alpha': 0.05, 'gamma': 0.95, 'epsilon': 0.2, 'epsilon_step': 0.01}",,154,4,1,-3,0.003999948501586914,"[1, 1, 0, 1, 1]",1.5436993142620934,0.046778767098851315
155,"Qlearntab_LLM_{'alpha': 0.05, 'gamma': 0.95, 'epsilon': 0.2, 'epsilon_step': 0.01}",,155,99,1,-2,0.08964347839355469,"[1, 0, 0, 2, 2, 2, 2, 3, 2, 3, 2, 2, 2, 2, 0, 2, 2, 2, 2, 2, 2, 3, 2, 3, 2, 3, 3, 2, 3, 2, 3, 2, 3, 2, 3, 2, 2, 2, 2, 3, 2, 3, 2, 3, 2, 3, 2, 2, 2, 2, 3, 2, 1, 2, 2, 3, 2, 2, 2, 2, 2, 2, 2, 3, 2, 2, 2, 3, 2, 3, 2, 3, 2, 3, 2, 3, 2, 2, 2, 3, 0, 3, 2, 2, 1, 2, 3, 2, 3, 3, 2, 3, 2, 3, 2, 3, 2, 3, 3, 2]",1.579755372231998,0.047871374916121145
156,"Qlearntab_LLM_{'alpha': 0.05, 'gamma': 0.95, 'epsilon': 0.2, 'epsilon_step': 0.01}",,156,5,1,-1,0.005093574523925781,"[1, 0, 0, 1, 1, 1]",1.6350129722064919,0.04954584764262097
157,"Qlearntab_LLM_{'alpha': 0.05, 'gamma': 0.95, 'epsilon': 0.2, 'epsilon_step': 0.01}",,157,99,1,0,0.0887458324432373,"[0, 1, 2, 3, 0, 0, 1, 1, 0, 0, 0, 2, 2, 3, 0, 0, 3, 2, 3, 2, 2, 2, 2, 2, 2, 2, 3, 2, 2, 0, 3, 3, 2, 3, 2, 3, 2, 3, 2, 3, 3, 2, 2, 2, 3, 2, 3, 2, 3, 3, 2, 3, 2, 3, 2, 3, 2, 2, 3, 2, 2, 3, 2, 2, 2, 3, 2, 3, 2, 3, 2, 2, 0, 2, 2, 2, 3, 2, 3, 2, 3, 2, 2, 2, 3, 2, 3, 2, 2, 3, 2, 3, 2, 2, 2, 3, 2, 3, 2, 2]",1.6857553269914418,0.05108349475731642
158,"Qlearntab_LLM_{'alpha': 0.05, 'gamma': 0.95, 'epsilon': 0.2, 'epsilon_step': 0.01}",,158,1,-1,-1,0.0020012855529785156,"[3, 1]",1.6461174308195312,0.049882346388470646
159,"Qlearntab_LLM_{'alpha': 0.05, 'gamma': 0.95, 'epsilon': 0.2, 'epsilon_step': 0.01}",,159,1,-1,-2,0.0019991397857666016,"[0, 0]",1.6011592632642069,0.048519977674672934
160,"Qlearntab_LLM_{'alpha': 0.05, 'gamma': 0.95, 'epsilon': 0.2, 'epsilon_step': 0.01}",,160,3,-1,-3,0.004082679748535156,"[1, 1, 1, 1]",1.5662664106196391,0.04746261850362543
161,"Qlearntab_LLM_{'alpha': 0.05, 'gamma': 0.95, 'epsilon': 0.2, 'epsilon_step': 0.01}",,161,0,-1,-4,0.0009999275207519531,[1],1.5269830929428116,0.04627221493766096
162,"Qlearntab_LLM_{'alpha': 0.05, 'gamma': 0.95, 'epsilon': 0.2, 'epsilon_step': 0.01}",,162,8,2,-2,0.008065223693847656,"[1, 0, 0, 2, 2, 3, 3, 0, 1]",1.6348704937878116,0.04954153011478217
163,"Qlearntab_LLM_{'alpha': 0.05, 'gamma': 0.95, 'epsilon': 0.2, 'epsilon_step': 0.01}",,163,99,1,-1,0.08963179588317871,"[0, 0, 3, 0, 3, 0, 0, 0, 0, 0, 0, 0, 0, 0, 0, 2, 2, 2, 2, 3, 2, 2, 0, 0, 0, 0, 0, 0, 0, 2, 2, 2, 3, 2, 3, 2, 2, 0, 2, 2, 3, 0, 2, 3, 2, 2, 2, 3, 2, 2, 2, 3, 0, 3, 2, 2, 2, 3, 2, 3, 2, 2, 3, 0, 3, 2, 2, 2, 3, 2, 3, 2, 3, 2, 3, 2, 2, 2, 3, 2, 2, 2, 2, 2, 2, 3, 2, 2, 3, 2, 3, 2, 2, 2, 0, 0, 0, 0, 0, 0]",1.669715668367823,0.05059744449599463
164,"Qlearntab_LLM_{'alpha': 0.05, 'gamma': 0.95, 'epsilon': 0.2, 'epsilon_step': 0.01}",,164,99,1,0,0.09157323837280273,"[3, 2, 0, 0, 0, 2, 2, 3, 2, 3, 2, 3, 2, 3, 0, 3, 2, 2, 2, 2, 3, 2, 2, 3, 2, 3, 2, 2, 2, 2, 3, 2, 3, 2, 3, 2, 2, 3, 2, 3, 3, 2, 3, 0, 3, 2, 3, 2, 2, 3, 2, 3, 3, 2, 3, 2, 2, 2, 2, 2, 2, 2, 2, 3, 2, 3, 3, 2, 3, 2, 3, 2, 2, 3, 2, 3, 2, 3, 2, 2, 3, 2, 3, 3, 2, 3, 2, 3, 2, 3, 2, 3, 2, 3, 2, 3, 2, 3, 2, 3]",1.691715612286765,0.0512641094632353
165,"Qlearntab_LLM_{'alpha': 0.05, 'gamma': 0.95, 'epsilon': 0.2, 'epsilon_step': 0.01}",,165,99,1,1,0.0875546932220459,"[1, 3, 2, 0, 0, 0, 0, 0, 2, 2, 2, 2, 2, 3, 2, 2, 3, 2, 3, 2, 2, 2, 3, 2, 3, 2, 3, 2, 3, 2, 3, 2, 3, 2, 2, 3, 2, 2, 3, 2, 3, 2, 2, 2, 3, 2, 3, 2, 3, 2, 2, 3, 2, 2, 3, 2, 2, 2, 2, 2, 2, 2, 3, 2, 3, 2, 3, 2, 2, 2, 2, 2, 3, 3, 2, 3, 2, 3, 2, 3, 2, 3, 2, 3, 2, 3, 2, 3, 0, 3, 2, 2, 2, 3, 2, 3, 2, 2, 2, 2]",1.7201974339866104,0.052127194969291225
166,"Qlearntab_LLM_{'alpha': 0.05, 'gamma': 0.95, 'epsilon': 0.2, 'epsilon_step': 0.01}",,166,5,1,2,0.0060672760009765625,"[1, 0, 0, 1, 1, 1]",1.7796504079834032,0.05392880024192131
167,"Qlearntab_LLM_{'alpha': 0.05, 'gamma': 0.95, 'epsilon': 0.2, 'epsilon_step': 0.01}",,167,2,-1,1,0.0030007362365722656,"[2, 3, 3]",1.7470061414226596,0.0529395800431109
168,"Qlearntab_LLM_{'alpha': 0.05, 'gamma': 0.95, 'epsilon': 0.2, 'epsilon_step': 0.01}",,168,0,-1,0,0.001004934310913086,[2],1.7108514835639026,0.05184398435042129
169,"Qlearntab_LLM_{'alpha': 0.05, 'gamma': 0.95, 'epsilon': 0.2, 'epsilon_step': 0.01}",,169,99,1,1,0.09090089797973633,"[1, 0, 3, 0, 0, 0, 2, 2, 3, 2, 3, 2, 2, 2, 2, 3, 3, 2, 2, 2, 2, 2, 2, 3, 3, 2, 3, 2, 3, 2, 3, 2, 3, 2, 3, 2, 2, 2, 2, 2, 3, 2, 3, 2, 2, 3, 2, 3, 2, 3, 3, 2, 2, 0, 0, 0, 2, 2, 3, 2, 2, 2, 3, 2, 2, 3, 2, 3, 2, 2, 2, 2, 3, 2, 2, 3, 3, 2, 3, 2, 2, 2, 3, 2, 3, 2, 2, 2, 3, 3, 2, 3, 2, 3, 2, 0, 3, 2, 2, 3]",1.7394248474036547,0.05270984386071681
170,"Qlearntab_LLM_{'alpha': 0.05, 'gamma': 0.95, 'epsilon': 0.2, 'epsilon_step': 0.01}",,170,0,-1,0,0.0010035037994384766,[1],1.7004945225257195,0.05153013704623392
171,"Qlearntab_LLM_{'alpha': 0.05, 'gamma': 0.95, 'epsilon': 0.2, 'epsilon_step': 0.01}",,171,99,1,1,0.09084177017211914,"[3, 0, 2, 0, 0, 0, 2, 0, 0, 2, 2, 2, 3, 3, 2, 3, 2, 2, 2, 3, 2, 3, 2, 3, 2, 3, 2, 3, 2, 3, 2, 3, 2, 2, 2, 3, 2, 3, 2, 3, 2, 3, 2, 3, 2, 3, 2, 3, 2, 2, 3, 2, 3, 2, 2, 3, 2, 2, 2, 2, 2, 2, 2, 2, 3, 2, 3, 2, 2, 2, 3, 2, 2, 2, 2, 2, 2, 3, 2, 2, 3, 0, 3, 2, 3, 3, 2, 2, 2, 2, 0, 3, 2, 2, 3, 2, 3, 2, 3, 2]",1.7325884881711386,0.05250268145973147
172,"Qlearntab_LLM_{'alpha': 0.05, 'gamma': 0.95, 'epsilon': 0.2, 'epsilon_step': 0.01}",,172,0,-1,0,0.0009996891021728516,[2],1.6972443673447295,0.05143164749529483
173,"Qlearntab_LLM_{'alpha': 0.05, 'gamma': 0.95, 'epsilon': 0.2, 'epsilon_step': 0.01}",,173,0,-1,-1,0.0009970664978027344,[0],1.6532347351114267,0.05009802227610384
174,"Qlearntab_LLM_{'alpha': 0.05, 'gamma': 0.95, 'epsilon': 0.2, 'epsilon_step': 0.01}",,174,9,-1,-2,0.009064912796020508,"[1, 0, 1, 2, 0, 3, 2, 3, 1, 0]",1.6424739516467755,0.04977193792869017
175,"Qlearntab_LLM_{'alpha': 0.05, 'gamma': 0.95, 'epsilon': 0.2, 'epsilon_step': 0.01}",,175,99,1,-1,0.0909266471862793,"[3, 3, 0, 0, 0, 0, 0, 0, 0, 2, 2, 2, 3, 2, 3, 2, 3, 2, 2, 3, 2, 3, 2, 3, 2, 3, 2, 2, 2, 2, 3, 2, 3, 2, 2, 2, 3, 2, 2, 3, 2, 3, 2, 2, 3, 2, 3, 2, 3, 2, 3, 2, 2, 3, 2, 3, 2, 3, 2, 3, 2, 2, 3, 2, 2, 2, 3, 2, 3, 2, 3, 2, 3, 2, 3, 2, 2, 2, 2, 2, 2, 2, 3, 2, 2, 2, 2, 2, 3, 2, 3, 2, 2, 3, 2, 3, 2, 3, 2, 3]",1.661771133929158,0.05035670102815631
176,"Qlearntab_LLM_{'alpha': 0.05, 'gamma': 0.95, 'epsilon': 0.2, 'epsilon_step': 0.01}",,176,1,-1,-2,0.002020597457885742,"[1, 2]",1.631056330041528,0.049425949395197816
177,"Qlearntab_LLM_{'alpha': 0.05, 'gamma': 0.95, 'epsilon': 0.2, 'epsilon_step': 0.01}",,177,0,-1,-3,0.0009999275207519531,[0],1.59068692508431,0.04820263409346394
178,"Qlearntab_LLM_{'alpha': 0.05, 'gamma': 0.95, 'epsilon': 0.2, 'epsilon_step': 0.01}",,178,0,-1,-4,0.0009999275207519531,[0],1.5523359903749532,0.04704048455681676
179,"Qlearntab_LLM_{'alpha': 0.05, 'gamma': 0.95, 'epsilon': 0.2, 'epsilon_step': 0.01}",,179,2,-1,-5,0.003075838088989258,"[3, 0, 0]",1.5221122792180233,0.046124614521758284
180,"Qlearntab_LLM_{'alpha': 0.05, 'gamma': 0.95, 'epsilon': 0.2, 'epsilon_step': 0.01}",,180,0,-1,-6,0.00099945068359375,[2],1.4888895446209516,0.04511786498851368
181,"Qlearntab_LLM_{'alpha': 0.05, 'gamma': 0.95, 'epsilon': 0.2, 'epsilon_step': 0.01}",,181,99,1,-5,0.08855605125427246,"[3, 2, 0, 0, 2, 2, 2, 3, 2, 2, 3, 2, 2, 2, 3, 2, 3, 2, 3, 2, 3, 2, 3, 1, 2, 3, 0, 3, 2, 2, 2, 3, 2, 3, 2, 2, 2, 3, 2, 3, 2, 2, 2, 3, 2, 2, 2, 2, 3, 2, 2, 3, 0, 3, 2, 3, 2, 3, 2, 2, 2, 2, 2, 2, 2, 2, 3, 2, 3, 2, 3, 2, 3, 2, 2, 2, 3, 2, 3, 2, 3, 2, 2, 0, 2, 2, 2, 2, 2, 2, 2, 2, 3, 2, 2, 2, 3, 2, 2, 2]",1.528451309408136,0.04631670634570109
182,"Qlearntab_LLM_{'alpha': 0.05, 'gamma': 0.95, 'epsilon': 0.2, 'epsilon_step': 0.01}",,182,99,1,-4,0.08876466751098633,"[3, 0, 0, 0, 2, 2, 2, 3, 2, 3, 2, 3, 2, 2, 2, 2, 2, 2, 3, 0, 3, 3, 2, 2, 2, 2, 3, 2, 2, 3, 2, 3, 2, 2, 3, 2, 2, 2, 3, 2, 3, 2, 3, 2, 3, 0, 3, 3, 2, 2, 3, 2, 3, 3, 3, 2, 2, 2, 2, 2, 3, 2, 2, 3, 2, 3, 2, 2, 2, 3, 2, 2, 3, 2, 3, 2, 2, 3, 2, 3, 2, 2, 2, 3, 2, 2, 2, 3, 2, 2, 3, 2, 2, 3, 2, 3, 2, 2, 3, 2]",1.541915222337027,0.04672470370718263
183,"Qlearntab_LLM_{'alpha': 0.05, 'gamma': 0.95, 'epsilon': 0.2, 'epsilon_step': 0.01}",,183,1,-1,-5,0.002000570297241211,"[3, 2]",1.5096472554257379,0.045746886528052665
184,"Qlearntab_LLM_{'alpha': 0.05, 'gamma': 0.95, 'epsilon': 0.2, 'epsilon_step': 0.01}",,184,1,-1,-6,0.0019998550415039062,"[1, 3]",1.4715155183500521,0.04459137934394097
185,"Qlearntab_LLM_{'alpha': 0.05, 'gamma': 0.95, 'epsilon': 0.2, 'epsilon_step': 0.01}",,185,99,1,-5,0.08858799934387207,"[2, 0, 1, 0, 1, 2, 0, 0, 0, 2, 2, 2, 2, 3, 2, 3, 2, 2, 2, 3, 2, 3, 2, 3, 2, 3, 2, 2, 3, 2, 3, 2, 3, 2, 3, 2, 3, 2, 2, 3, 2, 3, 2, 2, 3, 2, 2, 2, 2, 2, 2, 2, 2, 2, 2, 2, 3, 2, 3, 3, 2, 3, 2, 2, 2, 3, 2, 2, 2, 2, 2, 3, 2, 3, 0, 3, 2, 2, 2, 2, 3, 2, 3, 2, 3, 2, 2, 2, 3, 2, 3, 2, 3, 2, 3, 3, 2, 3, 2, 3]",1.525028037872974,0.046212970844635576
186,"Qlearntab_LLM_{'alpha': 0.05, 'gamma': 0.95, 'epsilon': 0.2, 'epsilon_step': 0.01}",,186,2,-1,-6,0.0029997825622558594,"[3, 0, 1]",1.4838936129792264,0.04496647312058262
187,"Qlearntab_LLM_{'alpha': 0.05, 'gamma': 0.95, 'epsilon': 0.2, 'epsilon_step': 0.01}",,187,51,2,-4,0.04630875587463379,"[1, 0, 0, 2, 2, 3, 2, 2, 2, 2, 3, 2, 2, 3, 2, 2, 2, 3, 2, 3, 2, 2, 2, 3, 3, 2, 3, 2, 2, 3, 2, 3, 2, 3, 2, 3, 2, 3, 3, 2, 3, 2, 1, 0, 0, 1, 0, 2, 0, 0, 1, 1]",1.5923793761653426,0.04825392048985887
188,"Qlearntab_LLM_{'alpha': 0.05, 'gamma': 0.95, 'epsilon': 0.2, 'epsilon_step': 0.01}",,188,0,-1,-5,0.0020024776458740234,[1],1.552686482813359,0.04705110553979876
189,"Qlearntab_LLM_{'alpha': 0.05, 'gamma': 0.95, 'epsilon': 0.2, 'epsilon_step': 0.01}",,189,0,-1,-6,0.000997781753540039,[2],1.5196333940520397,0.046049496789455746
190,"Qlearntab_LLM_{'alpha': 0.05, 'gamma': 0.95, 'epsilon': 0.2, 'epsilon_step': 0.01}",,190,99,1,-5,0.08874082565307617,"[1, 0, 0, 0, 2, 2, 2, 3, 2, 2, 3, 2, 3, 2, 2, 2, 3, 2, 3, 2, 2, 3, 2, 3, 2, 2, 3, 0, 2, 3, 2, 2, 2, 3, 2, 2, 2, 2, 3, 2, 3, 2, 3, 2, 2, 3, 2, 3, 2, 2, 0, 0, 0, 0, 2, 0, 0, 2, 2, 2, 2, 2, 3, 2, 3, 2, 3, 3, 2, 2, 2, 2, 3, 2, 2, 2, 3, 2, 2, 2, 3, 2, 3, 2, 2, 2, 3, 2, 3, 2, 2, 3, 2, 3, 2, 3, 2, 2, 3, 2]",1.544172272061445,0.04679309915337712
191,"Qlearntab_LLM_{'alpha': 0.05, 'gamma': 0.95, 'epsilon': 0.2, 'epsilon_step': 0.01}",,191,0,-1,-6,0.0009999275207519531,[3],1.502909163086727,0.045542701911719004
192,"Qlearntab_LLM_{'alpha': 0.05, 'gamma': 0.95, 'epsilon': 0.2, 'epsilon_step': 0.01}",,192,99,1,-5,0.08960914611816406,"[1, 2, 0, 0, 0, 0, 3, 0, 1, 0, 0, 0, 2, 2, 2, 0, 2, 2, 2, 3, 3, 3, 2, 3, 2, 3, 2, 2, 2, 3, 2, 2, 2, 2, 3, 2, 3, 2, 2, 2, 3, 0, 3, 2, 2, 2, 2, 2, 2, 2, 3, 2, 2, 2, 3, 2, 3, 2, 3, 2, 2, 2, 2, 3, 2, 3, 2, 3, 2, 2, 2, 3, 2, 2, 2, 3, 2, 2, 3, 2, 3, 2, 3, 2, 3, 2, 2, 2, 2, 2, 2, 2, 3, 2, 3, 2, 3, 2, 2, 3]",1.5393333985283748,0.04664646662207196
193,"Qlearntab_LLM_{'alpha': 0.05, 'gamma': 0.95, 'epsilon': 0.2, 'epsilon_step': 0.01}",,193,0,-1,-6,0.0010018348693847656,[2],1.5068185644426577,0.045661168619474474
194,"Qlearntab_LLM_{'alpha': 0.05, 'gamma': 0.95, 'epsilon': 0.2, 'epsilon_step': 0.01}",,194,99,1,-5,0.08950090408325195,"[0, 0, 0, 0, 2, 2, 2, 2, 3, 2, 2, 2, 2, 2, 2, 2, 2, 2, 3, 2, 3, 0, 3, 0, 3, 2, 2, 2, 2, 3, 2, 2, 2, 2, 3, 2, 3, 2, 2, 2, 2, 2, 3, 2, 3, 2, 3, 2, 3, 2, 3, 2, 3, 2, 2, 2, 2, 3, 2, 3, 2, 2, 2, 2, 3, 2, 3, 2, 3, 2, 2, 3, 2, 0, 2, 3, 2, 2, 3, 3, 2, 3, 2, 2, 2, 3, 2, 3, 2, 2, 3, 2, 3, 2, 3, 3, 2, 3, 2, 3]",1.5288940335901215,0.046330122230003684
195,"Qlearntab_LLM_{'alpha': 0.05, 'gamma': 0.95, 'epsilon': 0.2, 'epsilon_step': 0.01}",,195,4,-1,-6,0.008040189743041992,"[1, 2, 1, 0, 1]",1.5028687962397276,0.045541478673931136
196,"Qlearntab_LLM_{'alpha': 0.05, 'gamma': 0.95, 'epsilon': 0.2, 'epsilon_step': 0.01}",,196,0,-1,-7,0.0019989013671875,[2],1.471535878179365,0.04459199630846561
197,"Qlearntab_LLM_{'alpha': 0.05, 'gamma': 0.95, 'epsilon': 0.2, 'epsilon_step': 0.01}",,197,2,-1,-8,0.003000497817993164,"[3, 0, 1]",1.4318533570507872,0.04338949566820567
198,"Qlearntab_LLM_{'alpha': 0.05, 'gamma': 0.95, 'epsilon': 0.2, 'epsilon_step': 0.01}",,198,0,-1,-9,0.00099945068359375,[0],1.393579942889984,0.042229695239090426
199,"Qlearntab_LLM_{'alpha': 0.05, 'gamma': 0.95, 'epsilon': 0.2, 'epsilon_step': 0.01}",,199,99,1,-8,0.08952093124389648,"[1, 0, 0, 0, 0, 2, 2, 3, 2, 2, 3, 2, 3, 2, 3, 2, 3, 2, 3, 2, 3, 2, 2, 2, 2, 2, 3, 2, 2, 2, 3, 2, 2, 2, 3, 2, 2, 2, 2, 2, 3, 2, 2, 3, 2, 2, 2, 2, 3, 2, 3, 2, 3, 2, 3, 2, 3, 2, 3, 2, 3, 2, 3, 2, 2, 2, 0, 2, 2, 2, 3, 3, 2, 2, 3, 2, 3, 2, 2, 3, 2, 3, 2, 3, 2, 3, 3, 2, 3, 2, 3, 3, 2, 3, 2, 3, 2, 2, 0, 2]",1.4211309036261028,0.04306457283715463
200,"Qlearntab_LLM_{'alpha': 0.05, 'gamma': 0.95, 'epsilon': 0.2, 'epsilon_step': 0.01}",,200,7,1,-7,0.008065938949584961,"[2, 3, 0, 0, 1, 1, 1, 1]",1.492677073959246,0.04523263860482564
201,"Qlearntab_LLM_{'alpha': 0.05, 'gamma': 0.95, 'epsilon': 0.2, 'epsilon_step': 0.01}",,201,99,1,-6,0.08856701850891113,"[0, 0, 0, 2, 2, 3, 2, 2, 2, 3, 2, 2, 3, 2, 3, 2, 3, 2, 3, 3, 2, 2, 2, 3, 2, 3, 2, 3, 2, 2, 2, 3, 2, 3, 3, 2, 3, 2, 3, 2, 2, 3, 2, 2, 3, 2, 2, 3, 2, 2, 3, 2, 2, 2, 3, 2, 3, 3, 2, 3, 2, 3, 3, 2, 3, 2, 2, 2, 2, 2, 2, 3, 2, 2, 2, 2, 3, 2, 3, 2, 2, 2, 3, 2, 3, 2, 3, 2, 3, 2, 2, 3, 2, 3, 2, 3, 2, 3, 0, 0]",1.5158805980583416,0.04593577569873763
202,"Qlearntab_LLM_{'alpha': 0.05, 'gamma': 0.95, 'epsilon': 0.2, 'epsilon_step': 0.01}",,202,2,-1,-7,0.0029997825622558594,"[1, 1, 2]",1.4924083797740626,0.045224496356789774
203,"Qlearntab_LLM_{'alpha': 0.05, 'gamma': 0.95, 'epsilon': 0.2, 'epsilon_step': 0.01}",,203,0,-1,-8,0.0010581016540527344,[2],1.4636230254247464,0.044352212891658985
204,"Qlearntab_LLM_{'alpha': 0.05, 'gamma': 0.95, 'epsilon': 0.2, 'epsilon_step': 0.01}",,204,1,-1,-9,0.002000093460083008,"[3, 2]",1.436778403620603,0.04353873950365464
205,"Qlearntab_LLM_{'alpha': 0.05, 'gamma': 0.95, 'epsilon': 0.2, 'epsilon_step': 0.01}",,205,99,1,-8,0.08864068984985352,"[3, 0, 2, 0, 0, 0, 0, 2, 2, 3, 2, 3, 2, 2, 2, 2, 2, 2, 2, 3, 2, 2, 3, 0, 3, 2, 3, 2, 2, 2, 2, 2, 3, 2, 2, 3, 0, 3, 3, 2, 2, 2, 2, 3, 2, 3, 2, 2, 2, 3, 2, 3, 2, 3, 2, 2, 2, 3, 2, 2, 3, 2, 3, 2, 2, 3, 2, 2, 2, 2, 2, 2, 2, 2, 2, 2, 0, 0, 1, 0, 0, 2, 2, 3, 2, 3, 2, 2, 3, 2, 2, 2, 2, 2, 2, 2, 3, 0, 3, 2]",1.4710187986156829,0.04457632723077827
206,"Qlearntab_LLM_{'alpha': 0.05, 'gamma': 0.95, 'epsilon': 0.2, 'epsilon_step': 0.01}",,206,0,-1,-9,0.0020880699157714844,[2],1.4436408874798357,0.04374669355999502
207,"Qlearntab_LLM_{'alpha': 0.05, 'gamma': 0.95, 'epsilon': 0.2, 'epsilon_step': 0.01}",,207,2,-1,-10,0.0030002593994140625,"[1, 2, 3]",1.4213386222150028,0.04307086733984857
208,"Qlearntab_LLM_{'alpha': 0.05, 'gamma': 0.95, 'epsilon': 0.2, 'epsilon_step': 0.01}",,208,0,-1,-11,0.0009996891021728516,[2],1.394604070020738,0.04226072939456782
209,"Qlearntab_LLM_{'alpha': 0.05, 'gamma': 0.95, 'epsilon': 0.2, 'epsilon_step': 0.01}",,209,4,-1,-12,0.005094051361083984,"[0, 0, 1, 0, 1]",1.3548106325827944,0.04105486765402407
210,"Qlearntab_LLM_{'alpha': 0.05, 'gamma': 0.95, 'epsilon': 0.2, 'epsilon_step': 0.01}",,210,99,1,-11,0.0906982421875,"[3, 3, 2, 0, 0, 2, 2, 2, 3, 2, 3, 2, 3, 2, 3, 3, 2, 3, 2, 3, 2, 3, 2, 3, 2, 3, 2, 3, 2, 2, 2, 3, 2, 3, 2, 3, 2, 3, 2, 2, 2, 3, 2, 3, 2, 3, 2, 3, 2, 3, 2, 2, 2, 2, 2, 2, 2, 3, 2, 3, 2, 3, 0, 3, 3, 2, 3, 0, 3, 2, 3, 2, 3, 2, 2, 3, 2, 3, 2, 2, 3, 2, 2, 2, 3, 2, 3, 2, 2, 3, 2, 3, 2, 3, 2, 2, 0, 0, 0, 0]",1.3848544720407612,0.04196528703153822
211,"Qlearntab_LLM_{'alpha': 0.05, 'gamma': 0.95, 'epsilon': 0.2, 'epsilon_step': 0.01}",,211,7,-1,-12,0.0075380802154541016,"[0, 0, 0, 2, 0, 0, 0, 2]",1.3715658456695379,0.04156260138392539
212,"Qlearntab_LLM_{'alpha': 0.05, 'gamma': 0.95, 'epsilon': 0.2, 'epsilon_step': 0.01}",,212,3,-1,-13,0.004071235656738281,"[3, 1, 3, 2]",1.3535248391825732,0.041015904217653734
213,"Qlearntab_LLM_{'alpha': 0.05, 'gamma': 0.95, 'epsilon': 0.2, 'epsilon_step': 0.01}",,213,99,1,-12,0.08979964256286621,"[0, 0, 0, 0, 2, 2, 3, 2, 2, 3, 2, 2, 2, 2, 2, 3, 2, 3, 2, 3, 2, 3, 2, 2, 2, 2, 3, 2, 3, 2, 3, 3, 2, 2, 2, 3, 2, 3, 2, 3, 3, 3, 2, 2, 3, 3, 2, 2, 3, 2, 3, 2, 3, 2, 2, 2, 3, 2, 3, 2, 2, 3, 2, 2, 2, 3, 0, 3, 2, 3, 2, 2, 3, 2, 3, 2, 3, 2, 3, 2, 3, 2, 3, 2, 3, 3, 2, 3, 2, 2, 3, 2, 2, 3, 2, 2, 3, 2, 3, 2]",1.3771866558805987,0.04173292896607875
214,"Qlearntab_LLM_{'alpha': 0.05, 'gamma': 0.95, 'epsilon': 0.2, 'epsilon_step': 0.01}",,214,99,1,-11,0.08990955352783203,"[3, 0, 0, 0, 0, 0, 0, 0, 1, 0, 0, 2, 2, 2, 0, 2, 2, 3, 2, 2, 2, 2, 3, 2, 3, 2, 2, 3, 0, 3, 2, 3, 2, 2, 3, 0, 3, 2, 2, 2, 2, 3, 2, 2, 2, 2, 3, 0, 3, 2, 2, 2, 3, 2, 3, 2, 2, 3, 2, 3, 2, 3, 3, 2, 3, 2, 3, 2, 3, 2, 2, 3, 2, 2, 2, 2, 2, 2, 2, 2, 3, 2, 3, 2, 3, 2, 2, 2, 2, 2, 2, 3, 0, 3, 2, 3, 2, 3, 2, 3]",1.3977244740473231,0.042355287092343125
215,"Qlearntab_LLM_{'alpha': 0.05, 'gamma': 0.95, 'epsilon': 0.2, 'epsilon_step': 0.01}",,215,0,-1,-12,0.001020193099975586,[2],1.3722794937479017,0.04158422708326975
216,"Qlearntab_LLM_{'alpha': 0.05, 'gamma': 0.95, 'epsilon': 0.2, 'epsilon_step': 0.01}",,216,99,1,-11,0.08867120742797852,"[1, 0, 0, 2, 2, 3, 2, 2, 3, 2, 3, 2, 3, 2, 3, 3, 2, 2, 2, 3, 2, 2, 2, 2, 2, 2, 2, 3, 2, 3, 2, 3, 2, 3, 2, 3, 2, 3, 2, 3, 2, 3, 2, 2, 3, 2, 3, 2, 3, 2, 2, 0, 0, 0, 2, 2, 2, 3, 2, 3, 2, 2, 2, 3, 2, 3, 2, 2, 2, 3, 2, 2, 2, 2, 2, 3, 2, 2, 0, 2, 2, 3, 2, 3, 2, 3, 2, 2, 2, 2, 3, 2, 3, 3, 2, 3, 3, 2, 3, 2]",1.3908174778332372,0.04214598417676476
217,"Qlearntab_LLM_{'alpha': 0.05, 'gamma': 0.95, 'epsilon': 0.2, 'epsilon_step': 0.01}",,217,99,1,-10,0.08962726593017578,"[0, 0, 0, 2, 2, 2, 2, 2, 3, 2, 3, 0, 3, 0, 3, 2, 2, 3, 2, 3, 2, 3, 3, 2, 2, 2, 3, 3, 3, 2, 3, 2, 3, 2, 3, 2, 3, 2, 3, 2, 2, 2, 3, 2, 3, 2, 2, 3, 2, 3, 2, 2, 3, 3, 2, 3, 2, 3, 2, 3, 2, 3, 2, 3, 2, 3, 3, 2, 0, 3, 2, 3, 2, 3, 2, 2, 2, 3, 2, 3, 2, 3, 2, 3, 2, 3, 2, 2, 2, 2, 2, 2, 2, 3, 2, 2, 3, 0, 3, 2]",1.4109231496591086,0.04275524695936693
218,"Qlearntab_LLM_{'alpha': 0.05, 'gamma': 0.95, 'epsilon': 0.2, 'epsilon_step': 0.01}",,218,3,-1,-11,0.004000663757324219,"[1, 3, 0, 2]",1.395482794748131,0.04228735741661003
219,"Qlearntab_LLM_{'alpha': 0.05, 'gamma': 0.95, 'epsilon': 0.2, 'epsilon_step': 0.01}",,219,99,1,-10,0.08875393867492676,"[3, 2, 0, 0, 0, 0, 2, 2, 2, 3, 2, 2, 3, 2, 3, 2, 3, 3, 2, 2, 3, 0, 3, 2, 3, 2, 3, 3, 2, 2, 2, 2, 3, 2, 3, 2, 3, 2, 2, 3, 2, 3, 2, 2, 3, 2, 3, 3, 2, 3, 2, 2, 3, 2, 2, 2, 3, 2, 3, 2, 3, 0, 3, 2, 3, 2, 3, 2, 2, 3, 2, 2, 3, 2, 2, 3, 2, 3, 3, 2, 3, 2, 2, 2, 2, 3, 2, 3, 2, 3, 2, 2, 2, 2, 2, 3, 2, 3, 2, 3]",1.4330732770898607,0.04342646294211699
220,"Qlearntab_LLM_{'alpha': 0.05, 'gamma': 0.95, 'epsilon': 0.2, 'epsilon_step': 0.01}",,220,1,-1,-11,0.0019998550415039062,"[0, 0]",1.3910710818484306,0.04215366914692214
221,"Qlearntab_LLM_{'alpha': 0.05, 'gamma': 0.95, 'epsilon': 0.2, 'epsilon_step': 0.01}",,221,99,1,-10,0.08756732940673828,"[0, 0, 0, 0, 0, 0, 2, 2, 3, 2, 3, 2, 3, 2, 3, 2, 3, 2, 3, 2, 3, 2, 3, 2, 3, 2, 2, 2, 2, 3, 2, 2, 3, 2, 2, 3, 2, 3, 2, 3, 2, 3, 2, 2, 3, 2, 2, 2, 3, 2, 2, 2, 2, 3, 2, 2, 2, 2, 3, 2, 2, 3, 2, 3, 2, 2, 2, 2, 2, 2, 2, 2, 3, 2, 2, 2, 2, 2, 2, 3, 2, 3, 2, 3, 2, 3, 2, 3, 2, 2, 2, 2, 3, 2, 2, 2, 3, 2, 3, 2]",1.4073689025146519,0.042647542500443995
222,"Qlearntab_LLM_{'alpha': 0.05, 'gamma': 0.95, 'epsilon': 0.2, 'epsilon_step': 0.01}",,222,0,-1,-11,0.002001047134399414,[2],1.3828348066202336,0.04190408504909799
223,"Qlearntab_LLM_{'alpha': 0.05, 'gamma': 0.95, 'epsilon': 0.2, 'epsilon_step': 0.01}",,223,0,-1,-12,0.0009989738464355469,[2],1.3595274155205361,0.041197800470319276
224,"Qlearntab_LLM_{'alpha': 0.05, 'gamma': 0.95, 'epsilon': 0.2, 'epsilon_step': 0.01}",,224,99,1,-11,0.08855843544006348,"[0, 0, 0, 0, 0, 0, 0, 0, 0, 0, 2, 2, 2, 2, 3, 2, 3, 2, 3, 2, 2, 3, 2, 3, 2, 2, 2, 3, 2, 3, 0, 3, 2, 2, 3, 2, 2, 3, 2, 2, 3, 2, 2, 2, 2, 3, 2, 2, 3, 2, 3, 2, 3, 2, 3, 2, 2, 2, 2, 3, 2, 3, 2, 3, 2, 3, 2, 3, 2, 2, 3, 2, 2, 3, 2, 2, 2, 3, 2, 2, 3, 2, 2, 2, 2, 3, 2, 3, 2, 3, 2, 3, 2, 2, 3, 2, 3, 2, 2, 2]",1.3902649836632415,0.04212924192918913
225,"Qlearntab_LLM_{'alpha': 0.05, 'gamma': 0.95, 'epsilon': 0.2, 'epsilon_step': 0.01}",,225,99,1,-10,0.08864021301269531,"[0, 0, 0, 0, 0, 2, 2, 3, 2, 2, 2, 3, 2, 3, 2, 3, 2, 3, 2, 2, 2, 2, 2, 2, 3, 2, 2, 2, 2, 2, 3, 2, 3, 0, 3, 3, 2, 3, 2, 3, 2, 3, 3, 2, 3, 2, 3, 2, 3, 3, 2, 2, 2, 2, 2, 3, 2, 3, 2, 3, 2, 3, 2, 3, 2, 2, 2, 2, 3, 2, 2, 3, 0, 3, 2, 3, 2, 3, 3, 2, 3, 2, 3, 2, 3, 2, 2, 3, 2, 3, 2, 3, 2, 3, 2, 2, 2, 3, 0, 3]",1.4049112794952092,0.0425730690756124
226,"Qlearntab_LLM_{'alpha': 0.05, 'gamma': 0.95, 'epsilon': 0.2, 'epsilon_step': 0.01}",,226,1,-1,-11,0.002000093460083008,"[1, 2]",1.386821414952365,0.04202489136219288
227,"Qlearntab_LLM_{'alpha': 0.05, 'gamma': 0.95, 'epsilon': 0.2, 'epsilon_step': 0.01}",,227,5,-1,-12,0.0060710906982421875,"[3, 0, 1, 1, 1, 2]",1.3801626012959152,0.041823109130179247
228,"Qlearntab_LLM_{'alpha': 0.05, 'gamma': 0.95, 'epsilon': 0.2, 'epsilon_step': 0.01}",,228,0,-1,-13,0.0010006427764892578,[0],1.3378222449669657,0.04054006802930199
229,"Qlearntab_LLM_{'alpha': 0.05, 'gamma': 0.95, 'epsilon': 0.2, 'epsilon_step': 0.01}",,229,1,-1,-14,0.001999378204345703,"[1, 2]",1.3191284108012402,0.03997358820609819
230,"Qlearntab_LLM_{'alpha': 0.05, 'gamma': 0.95, 'epsilon': 0.2, 'epsilon_step': 0.01}",,230,47,2,-12,0.044478416442871094,"[3, 0, 0, 0, 0, 0, 0, 1, 0, 0, 2, 2, 2, 2, 2, 3, 2, 3, 2, 3, 0, 3, 2, 3, 2, 2, 3, 2, 3, 2, 2, 3, 2, 3, 2, 3, 2, 2, 3, 2, 3, 2, 2, 3, 2, 3, 0, 1]",1.4058500951955901,0.04260151803623
231,"Qlearntab_LLM_{'alpha': 0.05, 'gamma': 0.95, 'epsilon': 0.2, 'epsilon_step': 0.01}",,231,0,-1,-13,0.0009999275207519531,[2],1.3868660794736922,0.04202624483253613
232,"Qlearntab_LLM_{'alpha': 0.05, 'gamma': 0.95, 'epsilon': 0.2, 'epsilon_step': 0.01}",,232,3,-1,-14,0.003999948501586914,"[1, 0, 2, 2]",1.3939406759184076,0.04224062654298205
233,"Qlearntab_LLM_{'alpha': 0.05, 'gamma': 0.95, 'epsilon': 0.2, 'epsilon_step': 0.01}",,233,1,-1,-15,0.0019998550415039062,"[3, 1]",1.355842616653231,0.04108613989858276
234,"Qlearntab_LLM_{'alpha': 0.05, 'gamma': 0.95, 'epsilon': 0.2, 'epsilon_step': 0.01}",,234,5,-1,-16,0.005104541778564453,"[3, 0, 1, 0, 0, 0]",1.3156364350330088,0.039867770758576025
235,"Qlearntab_LLM_{'alpha': 0.05, 'gamma': 0.95, 'epsilon': 0.2, 'epsilon_step': 0.01}",,235,0,-1,-17,0.0009999275207519531,[0],1.2761138799491099,0.03867011757421545
236,"Qlearntab_LLM_{'alpha': 0.05, 'gamma': 0.95, 'epsilon': 0.2, 'epsilon_step': 0.01}",,236,1,-1,-18,0.0019998550415039062,"[1, 3]",1.2383740804126375,0.03752648728523144
237,"Qlearntab_LLM_{'alpha': 0.05, 'gamma': 0.95, 'epsilon': 0.2, 'epsilon_step': 0.01}",,237,1,-1,-19,0.002000093460083008,"[0, 1]",1.201692128879581,0.03641491299635094
238,"Qlearntab_LLM_{'alpha': 0.05, 'gamma': 0.95, 'epsilon': 0.2, 'epsilon_step': 0.01}",,238,9,-1,-20,0.010107755661010742,"[3, 0, 1, 0, 0, 0, 0, 0, 0, 3]",1.1701345321834578,0.035458622187377505
239,"Qlearntab_LLM_{'alpha': 0.05, 'gamma': 0.95, 'epsilon': 0.2, 'epsilon_step': 0.01}",,239,1,-1,-21,0.0011019706726074219,"[3, 0]",1.133963308245062,0.03436252449227461
240,"Qlearntab_LLM_{'alpha': 0.05, 'gamma': 0.95, 'epsilon': 0.2, 'epsilon_step': 0.01}",,240,0,-1,-22,0.0010037422180175781,[1],1.0973876855103337,0.033254172288191934
241,"Qlearntab_LLM_{'alpha': 0.05, 'gamma': 0.95, 'epsilon': 0.2, 'epsilon_step': 0.01}",,241,7,-1,-23,0.008000373840332031,"[0, 0, 0, 2, 2, 0, 0, 1]",1.0586332659349758,0.03207979593742351
242,"Qlearntab_LLM_{'alpha': 0.05, 'gamma': 0.95, 'epsilon': 0.2, 'epsilon_step': 0.01}",,242,0,-1,-24,0.0011050701141357422,[1],1.023886424336984,0.031026861343544973
243,"Qlearntab_LLM_{'alpha': 0.05, 'gamma': 0.95, 'epsilon': 0.2, 'epsilon_step': 0.01}",,243,3,-1,-25,0.004003763198852539,"[1, 2, 2, 0]",1.0300359236627965,0.03121320980796353
244,"Qlearntab_LLM_{'alpha': 0.05, 'gamma': 0.95, 'epsilon': 0.2, 'epsilon_step': 0.01}",,244,4,-1,-26,0.004000186920166016,"[3, 3, 3, 2, 2]",1.028345914696125,0.031161997415034087
245,"Qlearntab_LLM_{'alpha': 0.05, 'gamma': 0.95, 'epsilon': 0.2, 'epsilon_step': 0.01}",,245,99,1,-25,0.09196686744689941,"[1, 3, 0, 1, 1, 0, 0, 2, 2, 2, 3, 2, 3, 2, 3, 2, 2, 3, 2, 3, 2, 3, 2, 2, 2, 3, 2, 3, 2, 3, 2, 3, 2, 1, 0, 3, 2, 3, 2, 3, 2, 3, 0, 3, 2, 2, 3, 2, 2, 3, 2, 2, 3, 2, 3, 2, 2, 2, 3, 2, 3, 2, 3, 0, 3, 2, 3, 2, 3, 0, 3, 2, 2, 3, 2, 3, 2, 3, 2, 2, 3, 2, 3, 2, 3, 2, 3, 2, 0, 3, 2, 3, 2, 3, 2, 2, 2, 2, 3, 2]",1.069011362118511,0.032394283700560945
246,"Qlearntab_LLM_{'alpha': 0.05, 'gamma': 0.95, 'epsilon': 0.2, 'epsilon_step': 0.01}",,246,6,1,-24,0.00699925422668457,"[0, 3, 0, 0, 0, 1, 1]",1.1329168713019961,0.034330814281878674
247,"Qlearntab_LLM_{'alpha': 0.05, 'gamma': 0.95, 'epsilon': 0.2, 'epsilon_step': 0.01}",,247,99,1,-23,0.08993339538574219,"[3, 0, 0, 0, 2, 2, 3, 2, 3, 2, 3, 2, 3, 2, 2, 2, 2, 3, 2, 2, 3, 2, 2, 3, 2, 3, 3, 2, 3, 2, 3, 2, 3, 2, 2, 2, 2, 3, 2, 2, 3, 2, 3, 2, 3, 2, 3, 2, 3, 2, 2, 2, 2, 2, 3, 2, 3, 0, 3, 2, 2, 2, 2, 3, 0, 3, 2, 2, 2, 2, 3, 2, 3, 2, 3, 2, 2, 3, 2, 3, 2, 3, 2, 3, 2, 2, 2, 3, 2, 3, 2, 2, 3, 2, 2, 3, 2, 2, 2, 2]",1.148144730846993,0.034792264571121
248,"Qlearntab_LLM_{'alpha': 0.05, 'gamma': 0.95, 'epsilon': 0.2, 'epsilon_step': 0.01}",,248,0,-1,-24,0.0009999275207519531,[2],1.1281285708398219,0.03418571426787339
249,"Qlearntab_LLM_{'alpha': 0.05, 'gamma': 0.95, 'epsilon': 0.2, 'epsilon_step': 0.01}",,249,71,2,-22,0.06572079658508301,"[0, 0, 1, 2, 0, 0, 0, 2, 2, 3, 2, 2, 2, 2, 2, 3, 2, 2, 2, 3, 2, 2, 2, 3, 2, 3, 2, 2, 3, 2, 2, 3, 2, 2, 3, 2, 2, 3, 2, 3, 2, 2, 2, 2, 3, 2, 3, 2, 3, 2, 3, 3, 2, 2, 3, 0, 0, 3, 2, 3, 2, 2, 2, 3, 2, 3, 2, 3, 2, 3, 0, 1]",1.2328310852078652,0.037358517733571676
250,"Qlearntab_LLM_{'alpha': 0.05, 'gamma': 0.95, 'epsilon': 0.2, 'epsilon_step': 0.01}",,250,2,-1,-23,0.003000020980834961,"[1, 0, 1]",1.2039166881113723,0.0364823238821628
251,"Qlearntab_LLM_{'alpha': 0.05, 'gamma': 0.95, 'epsilon': 0.2, 'epsilon_step': 0.01}",,251,99,1,-22,0.09092354774475098,"[0, 0, 0, 0, 0, 0, 0, 0, 0, 2, 2, 3, 2, 2, 0, 0, 0, 0, 0, 0, 0, 0, 0, 2, 2, 3, 2, 2, 2, 2, 3, 2, 2, 3, 0, 3, 3, 2, 2, 3, 2, 3, 2, 3, 2, 0, 0, 0, 3, 2, 2, 3, 2, 2, 3, 2, 3, 2, 2, 3, 2, 3, 2, 3, 2, 3, 2, 3, 2, 3, 2, 3, 2, 3, 2, 2, 2, 2, 3, 0, 3, 3, 2, 3, 2, 3, 2, 2, 2, 2, 2, 2, 2, 3, 2, 3, 2, 3, 2, 3]",1.2419019924844379,0.037633393711649636
252,"Qlearntab_LLM_{'alpha': 0.05, 'gamma': 0.95, 'epsilon': 0.2, 'epsilon_step': 0.01}",,252,0,-1,-23,0.0010733604431152344,[0],1.203164081584904,0.03645951762378497
253,"Qlearntab_LLM_{'alpha': 0.05, 'gamma': 0.95, 'epsilon': 0.2, 'epsilon_step': 0.01}",,253,3,-1,-24,0.004999399185180664,"[1, 0, 0, 2]",1.1955993944972345,0.03623028468173438
254,"Qlearntab_LLM_{'alpha': 0.05, 'gamma': 0.95, 'epsilon': 0.2, 'epsilon_step': 0.01}",,254,0,-1,-25,0.0,[1],1.1622677074423038,0.03522023355885769
255,"Qlearntab_LLM_{'alpha': 0.05, 'gamma': 0.95, 'epsilon': 0.2, 'epsilon_step': 0.01}",,255,99,1,-24,0.09097766876220703,"[3, 0, 0, 2, 2, 3, 2, 2, 2, 3, 2, 3, 2, 2, 2, 2, 2, 2, 3, 2, 3, 2, 3, 3, 2, 2, 3, 2, 3, 2, 2, 2, 3, 2, 3, 2, 3, 0, 3, 2, 2, 2, 3, 2, 3, 2, 3, 2, 3, 2, 3, 2, 3, 2, 2, 3, 2, 2, 2, 2, 2, 2, 2, 2, 3, 2, 2, 3, 2, 2, 2, 2, 2, 2, 2, 2, 2, 2, 2, 2, 2, 3, 2, 2, 2, 3, 2, 2, 2, 3, 2, 2, 3, 2, 3, 3, 2, 3, 3, 2]",1.176516279179821,0.035652008459994576
256,"Qlearntab_LLM_{'alpha': 0.05, 'gamma': 0.95, 'epsilon': 0.2, 'epsilon_step': 0.01}",,256,99,1,-23,0.09083724021911621,"[1, 3, 0, 0, 2, 2, 2, 2, 3, 2, 3, 2, 3, 2, 2, 2, 2, 2, 3, 0, 3, 2, 2, 3, 2, 3, 2, 3, 2, 3, 2, 2, 2, 3, 2, 3, 2, 3, 2, 3, 3, 2, 2, 2, 2, 3, 2, 2, 2, 2, 2, 2, 2, 3, 0, 0, 3, 2, 3, 2, 2, 2, 3, 2, 3, 2, 3, 2, 2, 2, 3, 2, 2, 3, 2, 2, 2, 2, 2, 3, 2, 3, 0, 3, 2, 3, 2, 3, 3, 2, 3, 2, 3, 2, 2, 2, 2, 3, 2, 3]",1.1996304093826886,0.036352436647960264
257,"Qlearntab_LLM_{'alpha': 0.05, 'gamma': 0.95, 'epsilon': 0.2, 'epsilon_step': 0.01}",,257,2,-1,-24,0.003106355667114258,"[1, 2, 0]",1.1932892872953067,0.03616028143319111
258,"Qlearntab_LLM_{'alpha': 0.05, 'gamma': 0.95, 'epsilon': 0.2, 'epsilon_step': 0.01}",,258,99,1,-23,0.08991456031799316,"[0, 0, 0, 0, 0, 2, 2, 3, 2, 3, 2, 2, 2, 3, 3, 2, 3, 3, 2, 3, 2, 2, 2, 3, 2, 2, 2, 3, 2, 3, 0, 3, 3, 2, 2, 3, 2, 3, 2, 2, 3, 2, 3, 2, 3, 0, 3, 2, 3, 2, 3, 2, 2, 3, 2, 2, 2, 2, 0, 0, 0, 0, 0, 0, 0, 2, 2, 2, 2, 3, 2, 3, 3, 2, 2, 3, 2, 3, 2, 2, 2, 2, 3, 2, 2, 2, 2, 2, 3, 2, 3, 1, 2, 2, 2, 2, 3, 2, 3, 2]",1.2267424605862929,0.03717401395716039
259,"Qlearntab_LLM_{'alpha': 0.05, 'gamma': 0.95, 'epsilon': 0.2, 'epsilon_step': 0.01}",,259,7,-1,-24,0.009003400802612305,"[2, 2, 1, 1, 2, 0, 3, 1]",1.2694363993965632,0.03846776967868373
260,"Qlearntab_LLM_{'alpha': 0.05, 'gamma': 0.95, 'epsilon': 0.2, 'epsilon_step': 0.01}",,260,1,-1,-25,0.0010826587677001953,"[2, 0]",1.2505975858923528,0.03789689654219251
261,"Qlearntab_LLM_{'alpha': 0.05, 'gamma': 0.95, 'epsilon': 0.2, 'epsilon_step': 0.01}",,261,99,1,-24,0.09181547164916992,"[3, 0, 0, 0, 0, 2, 2, 2, 3, 3, 2, 2, 2, 2, 2, 3, 2, 2, 3, 2, 3, 3, 2, 3, 3, 2, 3, 3, 2, 2, 3, 2, 3, 2, 2, 3, 2, 2, 2, 2, 2, 3, 2, 2, 2, 2, 2, 2, 3, 2, 3, 2, 2, 3, 2, 2, 2, 2, 3, 2, 2, 2, 2, 3, 2, 2, 0, 2, 2, 2, 3, 2, 2, 3, 2, 3, 2, 3, 2, 2, 2, 3, 2, 2, 3, 2, 2, 2, 3, 2, 3, 2, 2, 2, 3, 2, 3, 3, 2, 3]",1.264949654723671,0.038331807718899116
262,"Qlearntab_LLM_{'alpha': 0.05, 'gamma': 0.95, 'epsilon': 0.2, 'epsilon_step': 0.01}",,262,0,-1,-25,0.0009996891021728516,[1],1.2332561358453586,0.037371398055919956
263,"Qlearntab_LLM_{'alpha': 0.05, 'gamma': 0.95, 'epsilon': 0.2, 'epsilon_step': 0.01}",,263,99,1,-24,0.09173774719238281,"[3, 0, 0, 0, 0, 0, 2, 2, 0, 0, 0, 0, 0, 0, 0, 2, 2, 3, 0, 3, 2, 2, 2, 3, 2, 3, 2, 3, 2, 3, 2, 2, 3, 2, 3, 2, 2, 2, 1, 0, 3, 2, 3, 2, 3, 2, 2, 3, 2, 3, 2, 3, 0, 3, 2, 3, 2, 3, 2, 2, 2, 3, 3, 2, 3, 3, 2, 3, 2, 3, 2, 2, 2, 2, 2, 2, 3, 2, 2, 3, 3, 2, 3, 2, 2, 2, 3, 2, 3, 2, 2, 3, 2, 3, 2, 3, 2, 2, 2, 2]",1.305444967975176,0.03955893842349018
264,"Qlearntab_LLM_{'alpha': 0.05, 'gamma': 0.95, 'epsilon': 0.2, 'epsilon_step': 0.01}",,264,2,-1,-25,0.004000186920166016,"[1, 0, 0]",1.286051195029944,0.038971248334240725
265,"Qlearntab_LLM_{'alpha': 0.05, 'gamma': 0.95, 'epsilon': 0.2, 'epsilon_step': 0.01}",,265,3,-1,-26,0.004096269607543945,"[2, 1, 1, 2]",1.2955857067793752,0.03926017293270834
266,"Qlearntab_LLM_{'alpha': 0.05, 'gamma': 0.95, 'epsilon': 0.2, 'epsilon_step': 0.01}",,266,96,0,-26,0.08742547035217285,"[2, 0, 0, 0, 0, 0, 2, 2, 3, 2, 3, 3, 0, 3, 2, 2, 3, 2, 3, 2, 2, 2, 3, 2, 2, 3, 2, 3, 2, 3, 2, 3, 2, 2, 1, 2, 2, 2, 3, 2, 3, 2, 3, 3, 3, 2, 2, 3, 0, 3, 2, 2, 0, 2, 2, 2, 3, 2, 3, 2, 3, 2, 2, 3, 0, 3, 2, 3, 0, 2, 2, 2, 2, 2, 3, 2, 2, 2, 3, 2, 2, 3, 2, 2, 3, 2, 3, 2, 2, 2, 3, 2, 2, 0, 0, 0, 1]",1.2872589261807972,0.03900784624790295
267,"Qlearntab_LLM_{'alpha': 0.05, 'gamma': 0.95, 'epsilon': 0.2, 'epsilon_step': 0.01}",,267,4,-1,-27,0.005000591278076172,"[0, 3, 0, 0, 2]",1.2743165455019652,0.038615652893998945
268,"Qlearntab_LLM_{'alpha': 0.05, 'gamma': 0.95, 'epsilon': 0.2, 'epsilon_step': 0.01}",,268,99,1,-26,0.09089779853820801,"[2, 2, 1, 3, 3, 0, 0, 0, 0, 0, 0, 0, 2, 2, 3, 2, 2, 2, 3, 2, 2, 3, 2, 2, 2, 2, 3, 2, 2, 2, 2, 3, 2, 3, 2, 2, 2, 3, 2, 3, 3, 2, 3, 2, 2, 3, 2, 3, 2, 3, 2, 3, 2, 2, 2, 3, 2, 2, 3, 2, 2, 2, 2, 2, 2, 2, 2, 3, 2, 0, 3, 2, 2, 3, 2, 3, 2, 3, 2, 2, 2, 2, 2, 2, 2, 2, 2, 3, 2, 2, 3, 3, 2, 3, 2, 3, 2, 2, 2, 3]",1.3394335413371639,0.04058889519203527
269,"Qlearntab_LLM_{'alpha': 0.05, 'gamma': 0.95, 'epsilon': 0.2, 'epsilon_step': 0.01}",,269,2,-1,-27,0.003530740737915039,"[0, 3, 3]",1.304490998651851,0.0395300302621773
270,"Qlearntab_LLM_{'alpha': 0.05, 'gamma': 0.95, 'epsilon': 0.2, 'epsilon_step': 0.01}",,270,0,-1,-28,0.0,[2],1.2772900137174645,0.03870575799143832
271,"Qlearntab_LLM_{'alpha': 0.05, 'gamma': 0.95, 'epsilon': 0.2, 'epsilon_step': 0.01}",,271,99,1,-27,0.09082984924316406,"[1, 0, 0, 0, 2, 0, 0, 2, 2, 3, 2, 3, 2, 3, 2, 2, 3, 2, 3, 2, 3, 2, 3, 2, 3, 2, 3, 2, 3, 2, 2, 3, 2, 3, 2, 2, 2, 3, 2, 3, 2, 2, 2, 3, 2, 2, 2, 0, 0, 2, 0, 0, 2, 2, 2, 2, 2, 2, 0, 0, 2, 2, 3, 2, 2, 2, 3, 2, 3, 2, 2, 2, 2, 2, 2, 2, 3, 2, 3, 2, 3, 2, 3, 2, 3, 2, 2, 3, 2, 3, 2, 2, 2, 3, 2, 3, 2, 3, 2, 3]",1.3089249605505102,0.039664392743954856
272,"Qlearntab_LLM_{'alpha': 0.05, 'gamma': 0.95, 'epsilon': 0.2, 'epsilon_step': 0.01}",,272,7,2,-25,0.0069997310638427734,"[2, 0, 0, 2, 2, 3, 0, 1]",1.4283716143517595,0.04328398831368968
273,"Qlearntab_LLM_{'alpha': 0.05, 'gamma': 0.95, 'epsilon': 0.2, 'epsilon_step': 0.01}",,273,99,1,-24,0.09184718132019043,"[0, 0, 0, 0, 0, 0, 1, 3, 0, 0, 0, 2, 2, 2, 2, 2, 3, 3, 2, 3, 2, 3, 2, 2, 2, 3, 2, 3, 2, 3, 2, 3, 2, 3, 2, 3, 2, 3, 0, 3, 2, 3, 2, 3, 2, 3, 2, 2, 3, 2, 2, 3, 2, 3, 0, 3, 2, 3, 3, 2, 2, 2, 3, 2, 2, 2, 2, 3, 2, 2, 3, 2, 3, 2, 3, 2, 2, 2, 2, 3, 2, 3, 2, 3, 2, 3, 2, 3, 2, 3, 3, 2, 2, 3, 0, 3, 2, 2, 2, 3]",1.4635473098951597,0.0443499184816715
274,"Qlearntab_LLM_{'alpha': 0.05, 'gamma': 0.95, 'epsilon': 0.2, 'epsilon_step': 0.01}",,274,1,-1,-25,0.0019996166229248047,"[1, 0]",1.4351639561753273,0.0434898168537978
275,"Qlearntab_LLM_{'alpha': 0.05, 'gamma': 0.95, 'epsilon': 0.2, 'epsilon_step': 0.01}",,275,3,-1,-26,0.003000497817993164,"[2, 3, 0, 1]",1.408217989301316,0.04267327240307018
276,"Qlearntab_LLM_{'alpha': 0.05, 'gamma': 0.95, 'epsilon': 0.2, 'epsilon_step': 0.01}",,276,1,-1,-27,0.002000093460083008,"[2, 2]",1.3931682531049208,0.042217219791058205
277,"Qlearntab_LLM_{'alpha': 0.05, 'gamma': 0.95, 'epsilon': 0.2, 'epsilon_step': 0.01}",,277,99,1,-26,0.09189629554748535,"[0, 0, 0, 2, 0, 0, 2, 2, 3, 2, 3, 0, 3, 2, 2, 2, 2, 2, 2, 3, 2, 3, 2, 2, 3, 2, 2, 3, 2, 3, 0, 3, 2, 3, 2, 3, 2, 2, 3, 2, 3, 2, 3, 2, 3, 2, 2, 2, 2, 2, 3, 2, 3, 2, 3, 2, 3, 3, 2, 2, 3, 2, 3, 2, 2, 2, 2, 2, 2, 3, 2, 2, 3, 2, 3, 2, 2, 2, 2, 2, 3, 2, 3, 2, 2, 2, 3, 2, 3, 2, 3, 2, 3, 2, 3, 2, 3, 2, 3, 0]",1.4093367388119686,0.042707173903392986
278,"Qlearntab_LLM_{'alpha': 0.05, 'gamma': 0.95, 'epsilon': 0.2, 'epsilon_step': 0.01}",,278,2,-1,-27,0.002516031265258789,"[1, 3, 1]",1.3854187218593341,0.04198238551088891
279,"Qlearntab_LLM_{'alpha': 0.05, 'gamma': 0.95, 'epsilon': 0.2, 'epsilon_step': 0.01}",,279,99,1,-26,0.08978700637817383,"[1, 0, 0, 2, 2, 3, 2, 3, 2, 2, 2, 2, 2, 2, 0, 2, 0, 2, 2, 3, 2, 3, 2, 3, 2, 2, 3, 2, 3, 2, 2, 2, 2, 2, 2, 2, 2, 3, 2, 2, 3, 2, 3, 2, 3, 2, 3, 2, 3, 2, 2, 3, 2, 2, 3, 2, 3, 2, 3, 2, 3, 2, 2, 3, 2, 3, 2, 3, 2, 3, 2, 2, 2, 2, 3, 2, 2, 3, 2, 2, 3, 2, 3, 2, 2, 3, 2, 3, 2, 3, 2, 3, 2, 2, 2, 3, 2, 3, 2, 3]",1.4060525892836673,0.04260765422071719
280,"Qlearntab_LLM_{'alpha': 0.05, 'gamma': 0.95, 'epsilon': 0.2, 'epsilon_step': 0.01}",,280,99,1,-25,0.09078574180603027,"[0, 0, 0, 2, 2, 3, 0, 3, 2, 2, 2, 2, 2, 2, 2, 0, 0, 0, 2, 0, 0, 0, 1, 0, 0, 2, 2, 3, 2, 3, 2, 3, 2, 3, 2, 3, 2, 2, 2, 3, 2, 2, 3, 2, 2, 3, 2, 3, 2, 3, 2, 3, 2, 2, 2, 2, 2, 2, 2, 3, 2, 3, 2, 3, 2, 2, 3, 2, 3, 2, 2, 3, 2, 3, 2, 3, 2, 3, 2, 2, 3, 2, 3, 2, 2, 2, 3, 2, 3, 2, 3, 2, 3, 2, 3, 2, 3, 2, 2, 2]",1.4276131594647135,0.04326100483226404
281,"Qlearntab_LLM_{'alpha': 0.05, 'gamma': 0.95, 'epsilon': 0.2, 'epsilon_step': 0.01}",,281,0,-1,-26,0.0009999275207519531,[1],1.3950815685416258,0.042275199046715936
282,"Qlearntab_LLM_{'alpha': 0.05, 'gamma': 0.95, 'epsilon': 0.2, 'epsilon_step': 0.01}",,282,2,-1,-27,0.003000020980834961,"[3, 0, 2]",1.372987951803467,0.041605695509195975
283,"Qlearntab_LLM_{'alpha': 0.05, 'gamma': 0.95, 'epsilon': 0.2, 'epsilon_step': 0.01}",,283,3,-1,-28,0.004070758819580078,"[3, 3, 0, 1]",1.347381734129025,0.04082974951906137
284,"Qlearntab_LLM_{'alpha': 0.05, 'gamma': 0.95, 'epsilon': 0.2, 'epsilon_step': 0.01}",,284,99,1,-27,0.08867907524108887,"[1, 0, 1, 0, 0, 2, 2, 2, 2, 2, 2, 3, 2, 2, 2, 2, 3, 2, 2, 2, 2, 2, 2, 3, 2, 3, 2, 2, 2, 3, 2, 3, 2, 3, 2, 3, 2, 3, 2, 2, 2, 3, 2, 2, 2, 2, 3, 0, 3, 2, 3, 3, 2, 3, 2, 3, 2, 3, 3, 2, 3, 3, 2, 3, 2, 3, 1, 2, 2, 3, 2, 3, 2, 3, 2, 2, 3, 2, 2, 2, 3, 2, 3, 2, 3, 2, 2, 2, 3, 2, 2, 2, 3, 2, 2, 2, 2, 2, 3, 2]",1.3875327568070486,0.04204644717597117
285,"Qlearntab_LLM_{'alpha': 0.05, 'gamma': 0.95, 'epsilon': 0.2, 'epsilon_step': 0.01}",,285,0,-1,-28,0.001001119613647461,[2],1.3617589723451247,0.04126542340439772
286,"Qlearntab_LLM_{'alpha': 0.05, 'gamma': 0.95, 'epsilon': 0.2, 'epsilon_step': 0.01}",,286,3,1,-27,0.004000425338745117,"[1, 0, 1, 1]",1.4306462833010698,0.04335291767578999
287,"Qlearntab_LLM_{'alpha': 0.05, 'gamma': 0.95, 'epsilon': 0.2, 'epsilon_step': 0.01}",,287,1,-1,-28,0.0029997825622558594,"[2, 1]",1.4158992663984131,0.04290603837570949
288,"Qlearntab_LLM_{'alpha': 0.05, 'gamma': 0.95, 'epsilon': 0.2, 'epsilon_step': 0.01}",,288,99,1,-27,0.08872604370117188,"[0, 0, 0, 2, 2, 2, 3, 2, 2, 3, 2, 0, 3, 2, 2, 3, 2, 3, 2, 3, 3, 2, 2, 2, 2, 3, 2, 3, 2, 3, 2, 3, 2, 3, 0, 3, 0, 0, 3, 2, 2, 3, 2, 3, 2, 2, 3, 2, 2, 2, 3, 2, 3, 2, 3, 2, 2, 0, 2, 2, 3, 2, 2, 3, 2, 3, 2, 3, 2, 3, 3, 2, 3, 2, 2, 2, 2, 2, 3, 2, 3, 2, 2, 3, 2, 2, 2, 3, 3, 2, 3, 2, 3, 2, 0, 3, 0, 3, 2, 3]",1.4506512999438241,0.043959130301328
289,"Qlearntab_LLM_{'alpha': 0.05, 'gamma': 0.95, 'epsilon': 0.2, 'epsilon_step': 0.01}",,289,1,-1,-28,0.0019998550415039062,"[3, 0]",1.4129848858176115,0.0428177238126549
290,"Qlearntab_LLM_{'alpha': 0.05, 'gamma': 0.95, 'epsilon': 0.2, 'epsilon_step': 0.01}",,290,99,1,-27,0.08861708641052246,"[3, 0, 0, 0, 2, 2, 2, 3, 3, 2, 3, 2, 2, 3, 2, 3, 3, 0, 3, 2, 2, 3, 2, 3, 2, 2, 3, 2, 3, 2, 2, 3, 2, 2, 2, 2, 2, 2, 3, 2, 3, 2, 2, 2, 3, 2, 2, 2, 2, 3, 2, 3, 2, 3, 2, 3, 3, 2, 2, 3, 2, 3, 2, 3, 2, 3, 2, 2, 2, 2, 2, 2, 2, 2, 2, 3, 2, 2, 2, 3, 2, 3, 2, 3, 2, 2, 0, 2, 3, 2, 3, 2, 3, 2, 2, 2, 2, 2, 3, 2]",1.4375074941685402,0.04356083315662243
291,"Qlearntab_LLM_{'alpha': 0.05, 'gamma': 0.95, 'epsilon': 0.2, 'epsilon_step': 0.01}",,291,99,1,-26,0.08907437324523926,"[0, 0, 0, 0, 2, 2, 2, 2, 2, 2, 2, 2, 2, 2, 0, 2, 2, 2, 3, 2, 2, 3, 2, 3, 2, 2, 3, 2, 2, 2, 2, 3, 2, 2, 3, 2, 3, 2, 3, 2, 3, 2, 3, 2, 2, 3, 1, 2, 2, 3, 2, 2, 2, 3, 2, 2, 2, 3, 2, 3, 2, 2, 3, 2, 2, 3, 2, 3, 2, 3, 2, 3, 2, 3, 2, 3, 2, 3, 2, 3, 2, 3, 2, 3, 2, 2, 3, 2, 2, 3, 2, 3, 0, 3, 2, 2, 3, 2, 2, 3]",1.4682138069113828,0.04449132748216311
292,"Qlearntab_LLM_{'alpha': 0.05, 'gamma': 0.95, 'epsilon': 0.2, 'epsilon_step': 0.01}",,292,1,-1,-27,0.002000570297241211,"[1, 0]",1.4430686572549472,0.04372935325014991
293,"Qlearntab_LLM_{'alpha': 0.05, 'gamma': 0.95, 'epsilon': 0.2, 'epsilon_step': 0.01}",,293,5,-1,-28,0.006075143814086914,"[3, 0, 0, 0, 3, 0]",1.4273043075642586,0.04325164568376541
294,"Qlearntab_LLM_{'alpha': 0.05, 'gamma': 0.95, 'epsilon': 0.2, 'epsilon_step': 0.01}",,294,1,-1,-29,0.001999378204345703,"[1, 1]",1.4073788823827136,0.042647844920688294
295,"Qlearntab_LLM_{'alpha': 0.05, 'gamma': 0.95, 'epsilon': 0.2, 'epsilon_step': 0.01}",,295,99,1,-28,0.08877182006835938,"[0, 0, 0, 2, 2, 3, 2, 2, 2, 2, 3, 2, 3, 3, 2, 2, 3, 2, 3, 3, 2, 3, 2, 2, 3, 2, 3, 2, 3, 2, 3, 2, 3, 2, 3, 2, 3, 2, 3, 2, 3, 2, 3, 2, 3, 3, 2, 3, 2, 2, 3, 2, 3, 2, 3, 2, 2, 3, 2, 3, 2, 3, 2, 2, 2, 3, 2, 3, 2, 2, 2, 2, 2, 2, 3, 0, 3, 2, 3, 2, 3, 2, 3, 2, 2, 2, 2, 3, 2, 3, 2, 3, 2, 3, 2, 3, 2, 3, 2, 2]",1.4343896860490029,0.04346635412269706
296,"Qlearntab_LLM_{'alpha': 0.05, 'gamma': 0.95, 'epsilon': 0.2, 'epsilon_step': 0.01}",,296,1,-1,-29,0.003000497817993164,"[3, 2]",1.4094684958294865,0.04271116654028747
297,"Qlearntab_LLM_{'alpha': 0.05, 'gamma': 0.95, 'epsilon': 0.2, 'epsilon_step': 0.01}",,297,9,-1,-30,0.009100914001464844,"[1, 0, 1, 0, 1, 0, 2, 2, 1, 2]",1.4518929518906527,0.043996756117898564
298,"Qlearntab_LLM_{'alpha': 0.05, 'gamma': 0.95, 'epsilon': 0.2, 'epsilon_step': 0.01}",,298,1,-1,-31,0.0020775794982910156,"[3, 3]",1.4105341514198542,0.04274345913393497
299,"Qlearntab_LLM_{'alpha': 0.05, 'gamma': 0.95, 'epsilon': 0.2, 'epsilon_step': 0.01}",,299,0,-1,-32,0.0010020732879638672,[1],1.3779141970917104,0.04175497566944577
300,"Qlearntab_LLM_{'alpha': 0.05, 'gamma': 0.95, 'epsilon': 0.2, 'epsilon_step': 0.01}",,300,99,1,-31,0.08769726753234863,"[1, 0, 0, 2, 2, 2, 1, 2, 3, 3, 2, 3, 0, 3, 2, 3, 2, 3, 0, 3, 2, 2, 3, 2, 3, 2, 3, 2, 3, 2, 3, 2, 3, 2, 3, 2, 3, 2, 2, 2, 3, 2, 2, 3, 2, 3, 2, 3, 2, 3, 2, 2, 2, 2, 2, 2, 2, 2, 2, 3, 2, 2, 2, 2, 3, 2, 3, 3, 2, 3, 2, 3, 2, 2, 2, 3, 2, 3, 2, 3, 2, 2, 3, 2, 3, 2, 2, 3, 2, 2, 0, 2, 2, 2, 2, 2, 3, 2, 3, 2]",1.4044152969258799,0.04255803930078424
301,"Qlearntab_LLM_{'alpha': 0.05, 'gamma': 0.95, 'epsilon': 0.2, 'epsilon_step': 0.01}",,301,1,-1,-32,0.0020537376403808594,"[3, 3]",1.3652226636297393,0.04137038374635574
302,"Qlearntab_LLM_{'alpha': 0.05, 'gamma': 0.95, 'epsilon': 0.2, 'epsilon_step': 0.01}",,302,0,-1,-33,0.0010008811950683594,[2],1.3406820405683453,0.040626728502071066
303,"Qlearntab_LLM_{'alpha': 0.05, 'gamma': 0.95, 'epsilon': 0.2, 'epsilon_step': 0.01}",,303,0,-1,-34,0.0009989738464355469,[3],1.3029589674158344,0.039483605073207105
304,"Qlearntab_LLM_{'alpha': 0.05, 'gamma': 0.95, 'epsilon': 0.2, 'epsilon_step': 0.01}",,304,99,1,-33,0.08782958984375,"[3, 3, 0, 0, 2, 2, 3, 2, 2, 2, 2, 3, 2, 2, 3, 2, 3, 2, 2, 2, 2, 2, 3, 2, 2, 2, 3, 2, 3, 2, 2, 3, 2, 3, 2, 3, 2, 2, 2, 2, 2, 2, 2, 2, 0, 0, 2, 2, 3, 2, 3, 2, 2, 3, 2, 3, 2, 2, 3, 2, 3, 2, 3, 2, 3, 2, 3, 2, 3, 2, 2, 2, 2, 3, 3, 2, 2, 3, 2, 3, 2, 2, 3, 2, 2, 2, 3, 2, 2, 2, 2, 3, 2, 2, 3, 2, 3, 0, 3, 2]",1.3228592990957762,0.04008664542714473
305,"Qlearntab_LLM_{'alpha': 0.05, 'gamma': 0.95, 'epsilon': 0.2, 'epsilon_step': 0.01}",,305,2,-1,-34,0.003000497817993164,"[1, 0, 3]",1.2934374466138776,0.039195074139814476
306,"Qlearntab_LLM_{'alpha': 0.05, 'gamma': 0.95, 'epsilon': 0.2, 'epsilon_step': 0.01}",,306,0,-1,-35,0.0009999275207519531,[0],1.2579386171865747,0.03811935203595681
307,"Qlearntab_LLM_{'alpha': 0.05, 'gamma': 0.95, 'epsilon': 0.2, 'epsilon_step': 0.01}",,307,0,-1,-36,0.0009999275207519531,[3],1.2230338531567235,0.037061631913840105
308,"Qlearntab_LLM_{'alpha': 0.05, 'gamma': 0.95, 'epsilon': 0.2, 'epsilon_step': 0.01}",,308,2,-1,-37,0.003000497817993164,"[2, 3, 2]",1.211761325545507,0.03672004016804567
309,"Qlearntab_LLM_{'alpha': 0.05, 'gamma': 0.95, 'epsilon': 0.2, 'epsilon_step': 0.01}",,309,99,1,-36,0.08959341049194336,"[0, 0, 0, 2, 2, 3, 2, 3, 3, 3, 3, 2, 2, 3, 2, 3, 2, 2, 2, 2, 3, 2, 3, 2, 3, 2, 3, 2, 3, 3, 2, 2, 2, 3, 2, 3, 2, 3, 2, 3, 2, 3, 2, 3, 2, 3, 2, 3, 2, 3, 2, 3, 2, 3, 3, 2, 2, 2, 2, 2, 2, 2, 3, 2, 2, 2, 2, 2, 3, 2, 2, 2, 3, 2, 3, 3, 2, 3, 2, 2, 2, 3, 2, 3, 2, 3, 2, 2, 2, 3, 2, 3, 2, 3, 2, 3, 2, 2, 3, 2]",1.2324715998919613,0.03734762423915034
310,"Qlearntab_LLM_{'alpha': 0.05, 'gamma': 0.95, 'epsilon': 0.2, 'epsilon_step': 0.01}",,310,6,-1,-37,0.006066799163818359,"[0, 0, 0, 0, 0, 0, 1]",1.2026399769996838,0.036443635666657086
311,"Qlearntab_LLM_{'alpha': 0.05, 'gamma': 0.95, 'epsilon': 0.2, 'epsilon_step': 0.01}",,311,2,-1,-38,0.0029993057250976562,"[0, 0, 1]",1.165943656166779,0.03533162594444785
312,"Qlearntab_LLM_{'alpha': 0.05, 'gamma': 0.95, 'epsilon': 0.2, 'epsilon_step': 0.01}",,312,2,-1,-39,0.0030946731567382812,"[0, 3, 2]",1.1486368223241799,0.034807176434066056
313,"Qlearntab_LLM_{'alpha': 0.05, 'gamma': 0.95, 'epsilon': 0.2, 'epsilon_step': 0.01}",,313,0,-1,-40,0.0009984970092773438,[1],1.1178979625868457,0.033875695835965024
314,"Qlearntab_LLM_{'alpha': 0.05, 'gamma': 0.95, 'epsilon': 0.2, 'epsilon_step': 0.01}",,314,0,-1,-41,0.0010001659393310547,[3],1.0844325602581337,0.03286159273509496
315,"Qlearntab_LLM_{'alpha': 0.05, 'gamma': 0.95, 'epsilon': 0.2, 'epsilon_step': 0.01}",,315,0,-1,-42,0.0010004043579101562,[2],1.0628855559739232,0.032208653211331005
316,"Qlearntab_LLM_{'alpha': 0.05, 'gamma': 0.95, 'epsilon': 0.2, 'epsilon_step': 0.01}",,316,5,-1,-43,0.005999088287353516,"[3, 0, 0, 0, 1, 1]",1.0364357041387333,0.03140714254965859
317,"Qlearntab_LLM_{'alpha': 0.05, 'gamma': 0.95, 'epsilon': 0.2, 'epsilon_step': 0.01}",,317,99,1,-42,0.08862948417663574,"[3, 0, 0, 0, 0, 2, 2, 3, 2, 3, 2, 2, 3, 2, 3, 2, 2, 2, 2, 3, 2, 3, 0, 0, 3, 2, 2, 2, 3, 2, 2, 3, 2, 3, 2, 2, 3, 2, 2, 2, 2, 2, 2, 2, 3, 2, 3, 2, 3, 2, 2, 3, 2, 3, 2, 2, 3, 2, 3, 2, 3, 2, 2, 2, 3, 2, 3, 2, 2, 2, 2, 3, 2, 3, 2, 3, 2, 2, 0, 0, 2, 2, 2, 2, 3, 2, 2, 3, 3, 2, 3, 2, 3, 2, 2, 2, 2, 3, 2, 3]",1.060647124732005,0.03214082196157591
318,"Qlearntab_LLM_{'alpha': 0.05, 'gamma': 0.95, 'epsilon': 0.2, 'epsilon_step': 0.01}",,318,99,1,-41,0.08953857421875,"[0, 3, 0, 0, 0, 0, 2, 2, 3, 2, 3, 2, 2, 3, 2, 3, 2, 3, 2, 3, 2, 3, 2, 2, 3, 2, 2, 2, 3, 2, 2, 2, 2, 2, 2, 2, 2, 3, 2, 2, 2, 2, 2, 2, 3, 2, 2, 3, 2, 3, 2, 3, 2, 2, 3, 2, 2, 3, 2, 3, 2, 2, 3, 2, 3, 2, 2, 2, 3, 2, 3, 2, 3, 2, 3, 2, 2, 2, 2, 2, 2, 2, 2, 3, 2, 2, 2, 3, 2, 3, 2, 3, 2, 3, 2, 3, 2, 3, 2, 2]",1.0849968103538565,0.03287869122284414
319,"Qlearntab_LLM_{'alpha': 0.05, 'gamma': 0.95, 'epsilon': 0.2, 'epsilon_step': 0.01}",,319,0,-1,-42,0.0020020008087158203,[2],1.0645271562838565,0.03225839867526838
320,"Qlearntab_LLM_{'alpha': 0.05, 'gamma': 0.95, 'epsilon': 0.2, 'epsilon_step': 0.01}",,320,11,1,-41,0.011110544204711914,"[3, 0, 2, 2, 0, 0, 3, 0, 0, 0, 1, 1]",1.1737765364992034,0.035568985954521314
321,"Qlearntab_LLM_{'alpha': 0.05, 'gamma': 0.95, 'epsilon': 0.2, 'epsilon_step': 0.01}",,321,0,-1,-42,0.00099945068359375,[1],1.1445746197487359,0.03468407938632533
322,"Qlearntab_LLM_{'alpha': 0.05, 'gamma': 0.95, 'epsilon': 0.2, 'epsilon_step': 0.01}",,322,99,1,-41,0.0886688232421875,"[2, 1, 0, 0, 2, 2, 2, 2, 2, 3, 3, 2, 2, 3, 2, 2, 2, 3, 2, 2, 2, 3, 2, 3, 2, 3, 2, 2, 0, 0, 2, 2, 3, 2, 3, 2, 3, 3, 2, 2, 2, 2, 2, 3, 0, 3, 2, 3, 2, 2, 3, 2, 2, 2, 2, 2, 3, 2, 2, 3, 2, 3, 2, 3, 3, 2, 3, 2, 3, 2, 3, 2, 2, 3, 2, 3, 2, 3, 2, 2, 2, 3, 2, 2, 2, 2, 3, 2, 3, 2, 3, 0, 3, 0, 3, 2, 3, 3, 0, 3]",1.2015587373074137,0.03641087082749739
323,"Qlearntab_LLM_{'alpha': 0.05, 'gamma': 0.95, 'epsilon': 0.2, 'epsilon_step': 0.01}",,323,25,0,-41,0.023151636123657227,"[1, 0, 0, 0, 2, 2, 2, 2, 2, 2, 2, 2, 2, 2, 3, 2, 2, 2, 2, 3, 3, 2, 2, 0, 0, 1]",1.2220719106784377,0.03703248214177084
324,"Qlearntab_LLM_{'alpha': 0.05, 'gamma': 0.95, 'epsilon': 0.2, 'epsilon_step': 0.01}",,324,0,-1,-42,0.001999378204345703,[2],1.1991850604964207,0.036338941227164266
325,"Qlearntab_LLM_{'alpha': 0.05, 'gamma': 0.95, 'epsilon': 0.2, 'epsilon_step': 0.01}",,325,1,-1,-43,0.001999378204345703,"[1, 1]",1.1825938870942427,0.03583617839679523
326,"Qlearntab_LLM_{'alpha': 0.05, 'gamma': 0.95, 'epsilon': 0.2, 'epsilon_step': 0.01}",,326,99,1,-42,0.08788633346557617,"[2, 0, 0, 0, 2, 2, 3, 2, 2, 3, 2, 2, 3, 2, 3, 2, 3, 2, 2, 3, 2, 2, 3, 0, 3, 0, 2, 2, 2, 3, 2, 3, 2, 2, 2, 3, 2, 2, 2, 3, 3, 2, 3, 2, 3, 2, 2, 3, 2, 2, 2, 3, 2, 3, 2, 2, 2, 3, 2, 3, 2, 2, 2, 3, 2, 3, 2, 2, 2, 2, 3, 2, 3, 2, 3, 2, 3, 2, 3, 2, 2, 3, 2, 3, 2, 2, 3, 2, 3, 2, 3, 2, 2, 3, 2, 2, 3, 0, 3, 2]",1.2195144023280367,0.03695498188872838
327,"Qlearntab_LLM_{'alpha': 0.05, 'gamma': 0.95, 'epsilon': 0.2, 'epsilon_step': 0.01}",,327,0,-1,-43,0.0009980201721191406,[1],1.1923333847923714,0.03613131469067792
328,"Qlearntab_LLM_{'alpha': 0.05, 'gamma': 0.95, 'epsilon': 0.2, 'epsilon_step': 0.01}",,328,3,-1,-44,0.004085063934326172,"[3, 1, 2, 0]",1.1894536752728655,0.03604405076584441
329,"Qlearntab_LLM_{'alpha': 0.05, 'gamma': 0.95, 'epsilon': 0.2, 'epsilon_step': 0.01}",,329,0,-1,-45,0.0010004043579101562,[2],1.165353371868217,0.03531373854146112
330,"Qlearntab_LLM_{'alpha': 0.05, 'gamma': 0.95, 'epsilon': 0.2, 'epsilon_step': 0.01}",,330,99,1,-44,0.09163093566894531,"[3, 1, 1, 0, 0, 0, 0, 2, 0, 0, 0, 0, 0, 0, 0, 2, 2, 2, 2, 2, 2, 3, 2, 3, 2, 3, 2, 3, 2, 3, 2, 2, 2, 3, 3, 2, 3, 2, 3, 2, 2, 2, 2, 2, 3, 2, 3, 2, 3, 2, 3, 2, 3, 2, 2, 3, 2, 3, 2, 2, 2, 2, 2, 3, 2, 2, 2, 3, 2, 3, 2, 2, 2, 2, 2, 3, 2, 3, 2, 3, 3, 3, 2, 3, 2, 3, 2, 3, 2, 3, 2, 3, 2, 3, 2, 3, 2, 2, 2, 3]",1.209583849138972,0.036654056034514305
331,"Qlearntab_LLM_{'alpha': 0.05, 'gamma': 0.95, 'epsilon': 0.2, 'epsilon_step': 0.01}",,331,0,-1,-45,0.002001523971557617,[2],1.1866885609045559,0.03596025942135018
332,"Qlearntab_LLM_{'alpha': 0.05, 'gamma': 0.95, 'epsilon': 0.2, 'epsilon_step': 0.01}",,332,99,1,-44,0.08956384658813477,"[2, 0, 0, 0, 0, 2, 2, 3, 2, 3, 2, 3, 2, 2, 3, 2, 2, 3, 2, 3, 2, 3, 2, 3, 3, 2, 2, 2, 2, 2, 2, 2, 3, 2, 3, 2, 2, 3, 2, 3, 2, 2, 2, 2, 2, 2, 3, 2, 3, 2, 3, 2, 2, 3, 2, 3, 2, 3, 2, 3, 2, 3, 2, 2, 3, 2, 3, 2, 3, 2, 2, 2, 3, 2, 2, 2, 3, 2, 2, 2, 2, 3, 2, 3, 2, 3, 2, 3, 2, 2, 3, 2, 3, 2, 2, 2, 3, 2, 3, 2]",1.2183858240297945,0.03692078254635741
333,"Qlearntab_LLM_{'alpha': 0.05, 'gamma': 0.95, 'epsilon': 0.2, 'epsilon_step': 0.01}",,333,99,1,-43,0.0895686149597168,"[3, 1, 0, 0, 0, 0, 0, 0, 0, 2, 2, 2, 2, 2, 2, 3, 2, 3, 2, 3, 2, 2, 2, 3, 3, 2, 3, 0, 3, 2, 2, 2, 2, 3, 2, 2, 3, 2, 3, 2, 3, 2, 3, 2, 3, 2, 3, 2, 2, 2, 3, 2, 2, 3, 2, 2, 3, 2, 3, 2, 2, 3, 3, 2, 3, 2, 3, 2, 3, 2, 2, 2, 2, 2, 2, 0, 2, 2, 2, 3, 2, 2, 3, 2, 3, 2, 2, 3, 2, 2, 2, 2, 3, 2, 3, 2, 2, 2, 2, 2]",1.2492219432869085,0.03785521040263359
334,"Qlearntab_LLM_{'alpha': 0.05, 'gamma': 0.95, 'epsilon': 0.2, 'epsilon_step': 0.01}",,334,99,1,-42,0.08758306503295898,"[1, 0, 0, 2, 2, 2, 2, 3, 2, 2, 3, 2, 3, 2, 2, 2, 2, 3, 2, 3, 2, 2, 3, 2, 2, 2, 3, 2, 2, 2, 2, 0, 0, 2, 2, 3, 2, 3, 3, 2, 3, 2, 3, 2, 2, 3, 2, 3, 2, 3, 2, 3, 0, 3, 2, 3, 2, 3, 2, 3, 2, 2, 2, 3, 2, 3, 2, 3, 2, 3, 2, 3, 2, 3, 2, 2, 2, 3, 2, 3, 2, 3, 2, 2, 2, 3, 2, 2, 2, 2, 3, 2, 3, 2, 3, 2, 3, 2, 2, 2]",1.2737326715709105,0.03859795974457304
335,"Qlearntab_LLM_{'alpha': 0.05, 'gamma': 0.95, 'epsilon': 0.2, 'epsilon_step': 0.01}",,335,99,1,-41,0.08855056762695312,"[2, 0, 0, 0, 2, 2, 2, 2, 0, 2, 2, 3, 2, 3, 2, 3, 2, 3, 2, 3, 2, 2, 3, 2, 3, 2, 2, 3, 2, 2, 2, 2, 2, 3, 3, 2, 2, 3, 2, 3, 2, 3, 2, 2, 3, 2, 3, 2, 3, 2, 2, 3, 2, 2, 3, 2, 3, 2, 3, 2, 3, 2, 3, 2, 3, 2, 3, 3, 2, 2, 0, 2, 2, 2, 3, 2, 3, 2, 3, 2, 3, 2, 2, 3, 2, 3, 2, 2, 3, 2, 3, 0, 3, 2, 3, 2, 3, 2, 3, 2]",1.31096042379694,0.03972607344839212
336,"Qlearntab_LLM_{'alpha': 0.05, 'gamma': 0.95, 'epsilon': 0.2, 'epsilon_step': 0.01}",,336,4,1,-40,0.005001544952392578,"[0, 0, 1, 1, 1]",1.375837368932942,0.041692041482816425
337,"Qlearntab_LLM_{'alpha': 0.05, 'gamma': 0.95, 'epsilon': 0.2, 'epsilon_step': 0.01}",,337,99,1,-39,0.08976864814758301,"[0, 0, 3, 0, 0, 0, 2, 2, 2, 3, 2, 3, 2, 3, 2, 2, 3, 2, 3, 2, 2, 2, 2, 2, 2, 2, 2, 3, 2, 3, 3, 2, 2, 2, 3, 2, 3, 2, 3, 2, 3, 2, 2, 2, 2, 2, 2, 3, 2, 2, 3, 3, 2, 3, 3, 2, 3, 2, 3, 2, 3, 2, 3, 2, 3, 2, 2, 2, 3, 2, 3, 2, 3, 2, 2, 3, 2, 3, 2, 2, 3, 2, 2, 2, 3, 2, 3, 2, 3, 2, 3, 0, 3, 2, 3, 2, 3, 2, 3, 2]",1.4045359542607274,0.04256169558365841
338,"Qlearntab_LLM_{'alpha': 0.05, 'gamma': 0.95, 'epsilon': 0.2, 'epsilon_step': 0.01}",,338,99,1,-38,0.08862566947937012,"[3, 0, 0, 0, 0, 0, 2, 2, 3, 2, 2, 2, 2, 2, 2, 2, 3, 0, 3, 2, 3, 2, 3, 2, 3, 2, 3, 2, 3, 2, 2, 2, 3, 2, 2, 3, 2, 3, 2, 3, 2, 2, 2, 3, 2, 3, 2, 2, 2, 3, 2, 3, 2, 3, 2, 2, 2, 2, 2, 2, 3, 2, 3, 2, 2, 2, 3, 2, 3, 2, 2, 2, 3, 2, 2, 3, 2, 2, 2, 2, 3, 2, 2, 3, 2, 3, 2, 2, 2, 2, 3, 2, 3, 2, 3, 2, 2, 2, 2, 3]",1.424705210949781,0.0431728851802964
339,"Qlearntab_LLM_{'alpha': 0.05, 'gamma': 0.95, 'epsilon': 0.2, 'epsilon_step': 0.01}",,339,99,1,-37,0.08856368064880371,"[0, 0, 0, 0, 2, 2, 3, 2, 3, 3, 2, 3, 2, 3, 3, 2, 3, 2, 2, 2, 3, 3, 2, 3, 2, 2, 2, 3, 0, 3, 2, 2, 2, 2, 3, 2, 2, 3, 0, 3, 2, 3, 2, 3, 2, 3, 2, 2, 3, 2, 2, 3, 2, 2, 2, 3, 2, 2, 2, 3, 2, 3, 0, 3, 2, 3, 2, 2, 3, 2, 3, 2, 3, 2, 3, 2, 3, 2, 3, 2, 3, 2, 3, 2, 3, 2, 2, 3, 2, 2, 3, 2, 2, 2, 3, 2, 3, 2, 2, 3]",1.4399588637559326,0.04363511708351311
340,"Qlearntab_LLM_{'alpha': 0.05, 'gamma': 0.95, 'epsilon': 0.2, 'epsilon_step': 0.01}",,340,0,-1,-38,0.0020029544830322266,[3],1.403846684103938,0.042540808609210244
341,"Qlearntab_LLM_{'alpha': 0.05, 'gamma': 0.95, 'epsilon': 0.2, 'epsilon_step': 0.01}",,341,99,1,-37,0.08856320381164551,"[0, 2, 0, 0, 0, 0, 2, 0, 0, 0, 2, 2, 2, 2, 3, 2, 3, 2, 2, 2, 3, 2, 3, 2, 3, 2, 3, 2, 2, 3, 2, 3, 2, 2, 2, 3, 2, 2, 3, 2, 3, 2, 3, 2, 3, 2, 3, 2, 3, 2, 3, 2, 3, 2, 3, 2, 3, 2, 3, 2, 2, 2, 2, 2, 2, 3, 2, 3, 2, 2, 2, 3, 2, 2, 2, 3, 2, 2, 3, 2, 2, 3, 2, 3, 2, 3, 2, 2, 2, 2, 3, 2, 3, 2, 2, 2, 2, 2, 3, 2]",1.451776799708007,0.04399323635478809
342,"Qlearntab_LLM_{'alpha': 0.05, 'gamma': 0.95, 'epsilon': 0.2, 'epsilon_step': 0.01}",,342,0,-1,-38,0.0009999275207519531,[3],1.4174702290386123,0.04295364330420037
343,"Qlearntab_LLM_{'alpha': 0.05, 'gamma': 0.95, 'epsilon': 0.2, 'epsilon_step': 0.01}",,343,1,-1,-39,0.002000093460083008,"[1, 2]",1.4000177706055081,0.04242478092743964
344,"Qlearntab_LLM_{'alpha': 0.05, 'gamma': 0.95, 'epsilon': 0.2, 'epsilon_step': 0.01}",,344,7,-1,-40,0.008061647415161133,"[2, 2, 3, 2, 0, 2, 0, 1]",1.4227653533344773,0.04311410161619628
345,"Qlearntab_LLM_{'alpha': 0.05, 'gamma': 0.95, 'epsilon': 0.2, 'epsilon_step': 0.01}",,345,0,-1,-41,0.0019991397857666016,[1],1.3914141121786558,0.042164064005413816
346,"Qlearntab_LLM_{'alpha': 0.05, 'gamma': 0.95, 'epsilon': 0.2, 'epsilon_step': 0.01}",,346,99,1,-40,0.09177899360656738,"[3, 0, 0, 0, 0, 2, 2, 3, 2, 2, 2, 2, 3, 3, 2, 2, 2, 2, 2, 0, 2, 2, 3, 2, 3, 0, 3, 2, 2, 2, 3, 2, 2, 2, 2, 3, 2, 3, 3, 2, 2, 2, 3, 2, 3, 2, 2, 3, 2, 2, 3, 2, 3, 2, 2, 3, 2, 2, 3, 2, 3, 2, 3, 2, 3, 2, 3, 2, 3, 3, 2, 3, 2, 2, 3, 2, 3, 2, 3, 2, 3, 2, 3, 2, 2, 3, 2, 3, 2, 3, 2, 3, 2, 3, 2, 2, 2, 3, 2, 3]",1.4141093139561367,0.042851797392610205
347,"Qlearntab_LLM_{'alpha': 0.05, 'gamma': 0.95, 'epsilon': 0.2, 'epsilon_step': 0.01}",,347,99,1,-39,0.09078168869018555,"[2, 3, 0, 0, 0, 0, 2, 2, 3, 2, 3, 2, 3, 2, 2, 3, 2, 2, 0, 0, 2, 2, 2, 2, 2, 2, 2, 3, 2, 3, 2, 3, 2, 2, 3, 2, 3, 2, 3, 2, 3, 2, 3, 2, 3, 2, 2, 2, 2, 3, 2, 2, 2, 2, 3, 2, 2, 0, 2, 2, 2, 2, 3, 2, 3, 0, 3, 2, 2, 3, 2, 3, 2, 2, 2, 3, 3, 2, 3, 2, 3, 2, 3, 2, 3, 2, 2, 2, 2, 3, 2, 2, 2, 2, 3, 2, 2, 2, 2, 2]",1.4482313209135436,0.04388579760344071
348,"Qlearntab_LLM_{'alpha': 0.05, 'gamma': 0.95, 'epsilon': 0.2, 'epsilon_step': 0.01}",,348,0,-1,-40,0.0010001659393310547,[3],1.4131990638029408,0.04282421405463457
349,"Qlearntab_LLM_{'alpha': 0.05, 'gamma': 0.95, 'epsilon': 0.2, 'epsilon_step': 0.01}",,349,0,-1,-41,0.0020787715911865234,[0],1.3725824208658162,0.04159340669290352
350,"Qlearntab_LLM_{'alpha': 0.05, 'gamma': 0.95, 'epsilon': 0.2, 'epsilon_step': 0.01}",,350,0,-1,-42,0.0010006427764892578,[2],1.3423451049983683,0.04067712439388995
351,"Qlearntab_LLM_{'alpha': 0.05, 'gamma': 0.95, 'epsilon': 0.2, 'epsilon_step': 0.01}",,351,0,-1,-43,0.0009996891021728516,[3],1.3090644607432957,0.039668620022524116
352,"Qlearntab_LLM_{'alpha': 0.05, 'gamma': 0.95, 'epsilon': 0.2, 'epsilon_step': 0.01}",,352,3,-1,-44,0.004000186920166016,"[3, 0, 0, 2]",1.2889712467118979,0.03905973474884539
353,"Qlearntab_LLM_{'alpha': 0.05, 'gamma': 0.95, 'epsilon': 0.2, 'epsilon_step': 0.01}",,353,99,1,-43,0.09063434600830078,"[3, 0, 0, 2, 2, 2, 3, 2, 3, 2, 3, 2, 3, 2, 3, 3, 2, 3, 2, 3, 2, 3, 2, 2, 3, 2, 3, 2, 2, 3, 2, 3, 2, 2, 2, 3, 2, 3, 2, 2, 2, 2, 2, 2, 2, 0, 0, 2, 2, 2, 2, 2, 2, 3, 2, 3, 3, 2, 3, 3, 2, 2, 3, 2, 3, 2, 2, 3, 2, 2, 3, 2, 3, 2, 2, 2, 2, 3, 2, 2, 2, 2, 2, 2, 3, 2, 2, 2, 2, 2, 2, 2, 2, 3, 2, 3, 2, 3, 2, 3]",1.3129235325242539,0.03978556159164406
354,"Qlearntab_LLM_{'alpha': 0.05, 'gamma': 0.95, 'epsilon': 0.2, 'epsilon_step': 0.01}",,354,0,-1,-44,0.0010645389556884766,[3],1.2798633479577046,0.03878373781690014
355,"Qlearntab_LLM_{'alpha': 0.05, 'gamma': 0.95, 'epsilon': 0.2, 'epsilon_step': 0.01}",,355,0,-1,-45,0.0010004043579101562,[2],1.252574170387333,0.037956793042040395
356,"Qlearntab_LLM_{'alpha': 0.05, 'gamma': 0.95, 'epsilon': 0.2, 'epsilon_step': 0.01}",,356,2,-1,-46,0.0029997825622558594,"[3, 3, 2]",1.243188942377884,0.03767239219326921
357,"Qlearntab_LLM_{'alpha': 0.05, 'gamma': 0.95, 'epsilon': 0.2, 'epsilon_step': 0.01}",,357,0,-1,-47,0.0010006427764892578,[3],1.2109547925055422,0.036695599772895215
358,"Qlearntab_LLM_{'alpha': 0.05, 'gamma': 0.95, 'epsilon': 0.2, 'epsilon_step': 0.01}",,358,1,-1,-48,0.001999378204345703,"[1, 1]",1.1907711354245571,0.03608397380074416
359,"Qlearntab_LLM_{'alpha': 0.05, 'gamma': 0.95, 'epsilon': 0.2, 'epsilon_step': 0.01}",,359,5,1,-47,0.0070874691009521484,"[3, 0, 0, 1, 1, 1]",1.2631695986773588,0.03827786662658663
360,"Qlearntab_LLM_{'alpha': 0.05, 'gamma': 0.95, 'epsilon': 0.2, 'epsilon_step': 0.01}",,360,0,-1,-48,0.0009992122650146484,[2],1.2385411159200983,0.03753154896727571
361,"Qlearntab_LLM_{'alpha': 0.05, 'gamma': 0.95, 'epsilon': 0.2, 'epsilon_step': 0.01}",,361,6,-1,-49,0.0060577392578125,"[1, 0, 2, 3, 1, 1, 3]",1.2633124941472673,0.03828219679234143
362,"Qlearntab_LLM_{'alpha': 0.05, 'gamma': 0.95, 'epsilon': 0.2, 'epsilon_step': 0.01}",,362,1,-1,-50,0.0019998550415039062,"[3, 2]",1.2484362492993046,0.037831401493918324
363,"Qlearntab_LLM_{'alpha': 0.05, 'gamma': 0.95, 'epsilon': 0.2, 'epsilon_step': 0.01}",,363,4,-1,-51,0.004999876022338867,"[3, 1, 3, 0, 2]",1.252111809287351,0.0379427820996167
364,"Qlearntab_LLM_{'alpha': 0.05, 'gamma': 0.95, 'epsilon': 0.2, 'epsilon_step': 0.01}",,364,1,-1,-52,0.0020601749420166016,"[2, 2]",1.247401032622122,0.03780003129157946
365,"Qlearntab_LLM_{'alpha': 0.05, 'gamma': 0.95, 'epsilon': 0.2, 'epsilon_step': 0.01}",,365,7,1,-51,0.0070002079010009766,"[2, 0, 0, 3, 0, 0, 1, 1]",1.3324355576922053,0.04037683508158198
366,"Qlearntab_LLM_{'alpha': 0.05, 'gamma': 0.95, 'epsilon': 0.2, 'epsilon_step': 0.01}",,366,3,-1,-52,0.004057884216308594,"[2, 3, 2, 0]",1.3338453351339326,0.040419555610119166
367,"Qlearntab_LLM_{'alpha': 0.05, 'gamma': 0.95, 'epsilon': 0.2, 'epsilon_step': 0.01}",,367,6,-1,-53,0.0069997310638427734,"[0, 2, 1, 0, 3, 2, 2]",1.3481920274743207,0.0408543038628582
368,"Qlearntab_LLM_{'alpha': 0.05, 'gamma': 0.95, 'epsilon': 0.2, 'epsilon_step': 0.01}",,368,0,-1,-54,0.0010001659393310547,[3],1.3146010365527303,0.039836395047052435
369,"Qlearntab_LLM_{'alpha': 0.05, 'gamma': 0.95, 'epsilon': 0.2, 'epsilon_step': 0.01}",,369,0,-1,-55,0.0010609626770019531,[2],1.289691846095658,0.03908157109380782
370,"Qlearntab_LLM_{'alpha': 0.05, 'gamma': 0.95, 'epsilon': 0.2, 'epsilon_step': 0.01}",,370,99,1,-54,0.09061622619628906,"[0, 0, 0, 0, 0, 0, 2, 2, 2, 2, 2, 2, 2, 3, 3, 2, 2, 3, 2, 3, 2, 3, 2, 3, 2, 2, 2, 3, 2, 3, 2, 2, 2, 2, 3, 2, 2, 0, 0, 0, 2, 2, 3, 2, 2, 3, 2, 3, 2, 3, 2, 2, 2, 3, 2, 3, 0, 3, 2, 2, 2, 3, 2, 3, 2, 2, 2, 3, 2, 2, 3, 2, 3, 2, 2, 2, 3, 3, 2, 2, 2, 2, 3, 2, 2, 2, 2, 3, 2, 2, 2, 3, 2, 3, 2, 3, 2, 3, 2, 2]",1.3088251633163674,0.03966136858534447
371,"Qlearntab_LLM_{'alpha': 0.05, 'gamma': 0.95, 'epsilon': 0.2, 'epsilon_step': 0.01}",,371,99,1,-53,0.0916597843170166,"[0, 3, 0, 0, 0, 0, 0, 2, 2, 3, 2, 2, 2, 2, 3, 2, 2, 2, 3, 2, 3, 2, 2, 3, 2, 2, 2, 2, 3, 2, 2, 3, 2, 3, 2, 2, 3, 2, 3, 2, 3, 3, 2, 3, 2, 3, 2, 3, 2, 3, 2, 2, 2, 2, 3, 2, 3, 2, 3, 2, 3, 0, 3, 2, 3, 2, 3, 2, 2, 3, 2, 3, 2, 2, 2, 2, 3, 2, 3, 2, 3, 2, 2, 2, 3, 3, 2, 2, 3, 2, 3, 2, 3, 2, 3, 2, 3, 2, 3, 2]",1.3345006505233228,0.0404394136522219
372,"Qlearntab_LLM_{'alpha': 0.05, 'gamma': 0.95, 'epsilon': 0.2, 'epsilon_step': 0.01}",,372,99,1,-52,0.09067058563232422,"[0, 0, 0, 0, 0, 0, 0, 0, 0, 2, 2, 3, 2, 3, 2, 2, 3, 2, 3, 2, 3, 0, 3, 2, 2, 2, 2, 3, 3, 2, 2, 2, 2, 3, 2, 2, 3, 2, 3, 2, 2, 2, 3, 2, 2, 3, 2, 3, 2, 2, 3, 3, 2, 3, 2, 2, 3, 2, 2, 2, 3, 2, 3, 2, 2, 2, 2, 3, 2, 2, 3, 2, 3, 3, 2, 3, 2, 3, 2, 3, 2, 2, 3, 2, 3, 2, 3, 2, 2, 2, 3, 2, 3, 2, 3, 2, 3, 2, 2, 2]",1.3528772396441626,0.04099627998921705
373,"Qlearntab_LLM_{'alpha': 0.05, 'gamma': 0.95, 'epsilon': 0.2, 'epsilon_step': 0.01}",,373,2,-1,-53,0.003000020980834961,"[2, 0, 0]",1.3302435865881932,0.040310411714793735
374,"Qlearntab_LLM_{'alpha': 0.05, 'gamma': 0.95, 'epsilon': 0.2, 'epsilon_step': 0.01}",,374,99,1,-52,0.09150576591491699,"[0, 3, 1, 3, 2, 0, 0, 2, 0, 0, 0, 2, 2, 2, 2, 2, 2, 3, 2, 3, 2, 3, 2, 2, 3, 3, 3, 2, 3, 0, 3, 2, 2, 2, 3, 2, 3, 2, 3, 2, 3, 2, 2, 2, 3, 0, 3, 2, 3, 2, 3, 2, 2, 3, 2, 3, 2, 2, 3, 2, 2, 2, 3, 2, 3, 2, 3, 2, 2, 2, 3, 2, 2, 2, 3, 2, 3, 2, 3, 3, 2, 2, 3, 2, 3, 2, 3, 2, 3, 2, 2, 3, 2, 3, 2, 2, 3, 2, 3, 2]",1.3856603044457299,0.04198970619532515
375,"Qlearntab_LLM_{'alpha': 0.05, 'gamma': 0.95, 'epsilon': 0.2, 'epsilon_step': 0.01}",,375,0,-1,-53,0.0009999275207519531,[1],1.3534466336459372,0.04101353435290719
376,"Qlearntab_LLM_{'alpha': 0.05, 'gamma': 0.95, 'epsilon': 0.2, 'epsilon_step': 0.01}",,376,1,-1,-54,0.002044677734375,"[3, 2]",1.3322767860657654,0.040372023820174706
377,"Qlearntab_LLM_{'alpha': 0.05, 'gamma': 0.95, 'epsilon': 0.2, 'epsilon_step': 0.01}",,377,6,1,-53,0.00599980354309082,"[0, 0, 0, 0, 1, 1, 1]",1.3926885937434341,0.042202684658891945
378,"Qlearntab_LLM_{'alpha': 0.05, 'gamma': 0.95, 'epsilon': 0.2, 'epsilon_step': 0.01}",,378,6,-1,-54,0.0070531368255615234,"[3, 2, 0, 0, 1, 0, 1]",1.3824649172211807,0.04189287627942972
379,"Qlearntab_LLM_{'alpha': 0.05, 'gamma': 0.95, 'epsilon': 0.2, 'epsilon_step': 0.01}",,379,5,-1,-55,0.005064249038696289,"[0, 0, 0, 1, 0, 3]",1.350005921711707,0.04090927035490022
380,"Qlearntab_LLM_{'alpha': 0.05, 'gamma': 0.95, 'epsilon': 0.2, 'epsilon_step': 0.01}",,380,8,1,-54,0.008000373840332031,"[2, 0, 0, 0, 0, 0, 0, 1, 1]",1.4208613054514199,0.04305640319549757
381,"Qlearntab_LLM_{'alpha': 0.05, 'gamma': 0.95, 'epsilon': 0.2, 'epsilon_step': 0.01}",,381,0,-1,-55,0.0010001659393310547,[0],1.3816923448031146,0.041869464994033774
382,"Qlearntab_LLM_{'alpha': 0.05, 'gamma': 0.95, 'epsilon': 0.2, 'epsilon_step': 0.01}",,382,0,-1,-56,0.0010671615600585938,[2],1.3550124257012846,0.041060982597008626
383,"Qlearntab_LLM_{'alpha': 0.05, 'gamma': 0.95, 'epsilon': 0.2, 'epsilon_step': 0.01}",,383,99,1,-55,0.08841919898986816,"[0, 0, 0, 0, 2, 2, 2, 2, 2, 3, 2, 2, 0, 2, 2, 2, 2, 3, 2, 3, 2, 3, 2, 2, 3, 2, 3, 2, 2, 3, 2, 2, 3, 2, 2, 3, 0, 3, 2, 2, 2, 3, 2, 3, 2, 2, 3, 0, 3, 2, 2, 3, 2, 2, 2, 2, 3, 2, 3, 3, 2, 3, 2, 3, 2, 3, 3, 2, 3, 2, 3, 2, 3, 2, 2, 2, 3, 2, 3, 2, 3, 2, 3, 2, 3, 2, 2, 2, 2, 2, 2, 2, 3, 2, 3, 2, 2, 2, 3, 3]",1.3803957754430898,0.041830175013426965
384,"Qlearntab_LLM_{'alpha': 0.05, 'gamma': 0.95, 'epsilon': 0.2, 'epsilon_step': 0.01}",,384,0,-1,-56,0.0010764598846435547,[3],1.3481767279631993,0.04085384024130907
385,"Qlearntab_LLM_{'alpha': 0.05, 'gamma': 0.95, 'epsilon': 0.2, 'epsilon_step': 0.01}",,385,3,-1,-57,0.0039997100830078125,"[0, 3, 0, 1]",1.3256818448047676,0.040172177115295984
386,"Qlearntab_LLM_{'alpha': 0.05, 'gamma': 0.95, 'epsilon': 0.2, 'epsilon_step': 0.01}",,386,99,1,-56,0.0875387191772461,"[2, 0, 3, 0, 3, 2, 3, 1, 2, 0, 0, 2, 2, 3, 2, 3, 2, 3, 2, 3, 3, 0, 3, 0, 0, 3, 2, 3, 2, 3, 2, 3, 2, 2, 2, 2, 3, 2, 3, 3, 2, 2, 2, 2, 3, 2, 3, 2, 3, 2, 2, 3, 2, 2, 2, 3, 2, 2, 2, 2, 2, 2, 0, 3, 2, 3, 2, 2, 2, 3, 2, 3, 2, 2, 3, 2, 3, 2, 2, 2, 2, 2, 3, 2, 2, 2, 3, 2, 2, 3, 2, 2, 2, 3, 3, 2, 3, 2, 3, 2]",1.4193670559616471,0.0430111229079287
387,"Qlearntab_LLM_{'alpha': 0.05, 'gamma': 0.95, 'epsilon': 0.2, 'epsilon_step': 0.01}",,387,0,-1,-57,0.00099945068359375,[2],1.391431541592101,0.04216459216945761
388,"Qlearntab_LLM_{'alpha': 0.05, 'gamma': 0.95, 'epsilon': 0.2, 'epsilon_step': 0.01}",,388,0,-1,-58,0.0010008811950683594,[3],1.3586738290476381,0.04117193421356479
389,"Qlearntab_LLM_{'alpha': 0.05, 'gamma': 0.95, 'epsilon': 0.2, 'epsilon_step': 0.01}",,389,4,-1,-59,0.0049991607666015625,"[1, 1, 0, 0, 2]",1.349138973173245,0.04088299918706803
390,"Qlearntab_LLM_{'alpha': 0.05, 'gamma': 0.95, 'epsilon': 0.2, 'epsilon_step': 0.01}",,390,99,1,-58,0.08962845802307129,"[1, 2, 3, 3, 0, 0, 0, 2, 2, 2, 2, 2, 0, 2, 2, 2, 2, 2, 2, 3, 3, 2, 2, 3, 2, 2, 2, 2, 2, 2, 3, 2, 3, 2, 2, 3, 2, 3, 2, 3, 3, 2, 2, 2, 3, 2, 3, 2, 2, 2, 2, 2, 2, 2, 2, 3, 2, 3, 2, 3, 3, 2, 3, 2, 2, 3, 2, 2, 3, 2, 3, 2, 3, 2, 3, 2, 3, 3, 2, 2, 2, 3, 2, 2, 3, 2, 3, 2, 3, 2, 3, 2, 3, 2, 3, 2, 2, 3, 2, 2]",1.4073802237402775,0.0426478855678872
391,"Qlearntab_LLM_{'alpha': 0.05, 'gamma': 0.95, 'epsilon': 0.2, 'epsilon_step': 0.01}",,391,0,-1,-59,0.0010766983032226562,[2],1.3814590512799751,0.04186239549333258
392,"Qlearntab_LLM_{'alpha': 0.05, 'gamma': 0.95, 'epsilon': 0.2, 'epsilon_step': 0.01}",,392,99,1,-58,0.08861923217773438,"[0, 1, 0, 0, 0, 0, 0, 0, 0, 0, 0, 2, 2, 2, 3, 2, 2, 2, 2, 3, 2, 2, 2, 3, 2, 2, 0, 0, 2, 2, 3, 2, 3, 2, 2, 2, 3, 2, 3, 2, 3, 2, 3, 0, 3, 2, 3, 2, 3, 2, 2, 2, 2, 2, 2, 3, 2, 2, 2, 3, 0, 2, 2, 2, 2, 2, 2, 2, 2, 3, 2, 3, 2, 3, 2, 3, 2, 2, 3, 0, 3, 2, 3, 2, 3, 2, 3, 2, 3, 2, 3, 2, 2, 3, 2, 2, 3, 2, 2, 2]",1.4125854558322235,0.042805619873703744
393,"Qlearntab_LLM_{'alpha': 0.05, 'gamma': 0.95, 'epsilon': 0.2, 'epsilon_step': 0.01}",,393,99,1,-57,0.08785438537597656,"[0, 0, 1, 0, 0, 0, 0, 0, 2, 0, 0, 0, 2, 0, 2, 2, 2, 2, 2, 3, 2, 3, 2, 3, 2, 3, 2, 3, 2, 2, 2, 2, 2, 3, 2, 2, 3, 2, 2, 3, 2, 2, 2, 2, 3, 2, 2, 3, 3, 2, 2, 3, 2, 3, 2, 3, 2, 3, 0, 3, 2, 2, 2, 3, 2, 2, 3, 2, 3, 2, 3, 2, 3, 2, 2, 3, 2, 3, 2, 3, 2, 2, 3, 2, 2, 3, 2, 3, 2, 2, 1, 2, 3, 2, 3, 2, 2, 2, 2, 3]",1.442295776529585,0.04370593262210864
394,"Qlearntab_LLM_{'alpha': 0.05, 'gamma': 0.95, 'epsilon': 0.2, 'epsilon_step': 0.01}",,394,99,1,-56,0.09262704849243164,"[3, 0, 0, 2, 2, 2, 3, 2, 3, 2, 3, 3, 2, 2, 3, 2, 2, 2, 2, 2, 3, 2, 2, 3, 0, 3, 2, 3, 2, 2, 2, 2, 3, 2, 2, 3, 0, 3, 2, 2, 2, 3, 2, 2, 2, 2, 3, 2, 3, 2, 2, 3, 2, 2, 3, 2, 2, 3, 2, 2, 3, 0, 0, 3, 2, 3, 2, 3, 2, 3, 2, 3, 2, 3, 2, 3, 2, 3, 2, 3, 2, 3, 2, 3, 2, 3, 2, 3, 2, 3, 2, 2, 3, 2, 3, 2, 2, 3, 2, 2]",1.4664020603967356,0.04443642607262835
395,"Qlearntab_LLM_{'alpha': 0.05, 'gamma': 0.95, 'epsilon': 0.2, 'epsilon_step': 0.01}",,395,99,1,-55,0.08858704566955566,"[1, 1, 0, 0, 0, 0, 0, 0, 0, 0, 2, 2, 2, 3, 2, 3, 2, 3, 2, 2, 2, 2, 3, 2, 2, 2, 2, 3, 2, 3, 2, 2, 2, 2, 3, 2, 3, 2, 3, 2, 3, 2, 3, 2, 3, 2, 2, 2, 3, 2, 3, 2, 3, 2, 3, 2, 3, 2, 3, 3, 2, 2, 3, 2, 2, 3, 2, 2, 2, 2, 2, 2, 3, 2, 2, 3, 2, 2, 2, 2, 2, 2, 3, 2, 3, 2, 2, 2, 2, 3, 2, 3, 2, 2, 2, 3, 2, 3, 2, 3]",1.497290916052215,0.04537245200158227
396,"Qlearntab_LLM_{'alpha': 0.05, 'gamma': 0.95, 'epsilon': 0.2, 'epsilon_step': 0.01}",,396,1,-1,-56,0.002002239227294922,"[3, 0]",1.464779686892235,0.044387263239158634
397,"Qlearntab_LLM_{'alpha': 0.05, 'gamma': 0.95, 'epsilon': 0.2, 'epsilon_step': 0.01}",,397,2,-1,-57,0.003058910369873047,"[2, 2, 1]",1.44849501343853,0.04389378828601606
398,"Qlearntab_LLM_{'alpha': 0.05, 'gamma': 0.95, 'epsilon': 0.2, 'epsilon_step': 0.01}",,398,7,1,-56,0.008059978485107422,"[2, 1, 0, 3, 0, 1, 1, 1]",1.531929384387522,0.046422102557197635
399,"Qlearntab_LLM_{'alpha': 0.05, 'gamma': 0.95, 'epsilon': 0.2, 'epsilon_step': 0.01}",,399,99,1,-55,0.08850622177124023,"[1, 0, 0, 2, 2, 3, 2, 3, 2, 2, 2, 3, 2, 2, 2, 3, 2, 3, 2, 3, 2, 3, 2, 3, 2, 3, 2, 2, 2, 3, 2, 2, 2, 2, 2, 2, 2, 3, 3, 2, 2, 2, 2, 2, 3, 2, 2, 2, 3, 3, 2, 3, 2, 3, 2, 2, 2, 3, 2, 3, 2, 2, 3, 2, 2, 3, 2, 3, 2, 3, 2, 2, 2, 2, 3, 2, 3, 2, 2, 2, 2, 3, 3, 2, 2, 3, 2, 3, 2, 2, 2, 3, 3, 1, 2, 3, 2, 2, 3, 2]",1.5576570021087863,0.04720172733662989
400,"Qlearntab_LLM_{'alpha': 0.05, 'gamma': 0.95, 'epsilon': 0.2, 'epsilon_step': 0.01}",,400,99,1,-54,0.08762621879577637,"[0, 0, 0, 0, 0, 2, 2, 2, 3, 3, 3, 2, 3, 2, 3, 2, 2, 2, 3, 2, 3, 2, 3, 2, 2, 3, 2, 3, 2, 3, 2, 3, 2, 2, 2, 2, 2, 3, 2, 2, 3, 2, 3, 2, 3, 2, 3, 2, 2, 2, 3, 2, 2, 3, 2, 3, 2, 3, 2, 2, 3, 0, 3, 2, 2, 3, 2, 3, 2, 3, 2, 3, 2, 3, 2, 2, 2, 3, 2, 3, 2, 3, 2, 2, 3, 2, 2, 2, 2, 3, 2, 3, 2, 2, 2, 3, 2, 3, 2, 3]",1.5760625006023783,0.04775946971522359
401,"Qlearntab_LLM_{'alpha': 0.05, 'gamma': 0.95, 'epsilon': 0.2, 'epsilon_step': 0.01}",,401,99,1,-53,0.09154844284057617,"[0, 1, 2, 0, 0, 2, 2, 3, 0, 2, 2, 2, 3, 2, 2, 3, 2, 3, 2, 2, 2, 3, 2, 2, 3, 0, 3, 3, 2, 3, 2, 3, 2, 3, 2, 2, 3, 3, 2, 3, 2, 2, 3, 2, 2, 2, 3, 2, 3, 2, 3, 2, 2, 2, 3, 2, 3, 2, 3, 2, 3, 2, 3, 2, 3, 0, 2, 3, 2, 2, 2, 2, 3, 2, 3, 2, 3, 2, 3, 2, 2, 3, 2, 3, 2, 2, 2, 2, 2, 3, 2, 2, 2, 3, 2, 3, 2, 2, 2, 2]",1.621306239688424,0.049130492111770424
402,"Qlearntab_LLM_{'alpha': 0.05, 'gamma': 0.95, 'epsilon': 0.2, 'epsilon_step': 0.01}",,402,99,1,-52,0.0907590389251709,"[1, 2, 0, 0, 0, 2, 2, 2, 2, 2, 2, 2, 2, 2, 3, 2, 3, 2, 3, 2, 3, 0, 3, 2, 3, 3, 2, 3, 2, 2, 2, 3, 0, 3, 2, 2, 3, 2, 3, 2, 3, 2, 2, 3, 2, 3, 2, 3, 2, 3, 0, 3, 2, 2, 2, 3, 2, 3, 2, 2, 2, 2, 2, 2, 3, 2, 3, 2, 2, 2, 3, 0, 3, 2, 3, 0, 3, 2, 3, 2, 3, 2, 3, 2, 2, 2, 2, 3, 2, 3, 2, 2, 2, 3, 2, 3, 2, 2, 3, 2]",1.6608512009771235,0.05032882427203404
403,"Qlearntab_LLM_{'alpha': 0.05, 'gamma': 0.95, 'epsilon': 0.2, 'epsilon_step': 0.01}",,403,0,-1,-53,0.0010602474212646484,[2],1.631446182946084,0.0494377631195783
404,"Qlearntab_LLM_{'alpha': 0.05, 'gamma': 0.95, 'epsilon': 0.2, 'epsilon_step': 0.01}",,404,99,1,-52,0.09168529510498047,"[1, 0, 0, 0, 0, 2, 2, 3, 2, 2, 2, 2, 2, 3, 2, 2, 3, 2, 2, 2, 3, 2, 2, 2, 3, 2, 2, 3, 2, 3, 2, 3, 2, 3, 2, 2, 2, 2, 2, 2, 2, 3, 3, 2, 3, 2, 2, 2, 3, 3, 2, 2, 3, 0, 3, 2, 2, 2, 2, 2, 2, 3, 2, 3, 2, 3, 2, 2, 2, 3, 2, 2, 2, 2, 2, 3, 2, 2, 2, 2, 3, 2, 2, 2, 3, 2, 3, 1, 2, 2, 3, 2, 3, 2, 2, 2, 2, 2, 2, 3]",1.6571303347909299,0.0502160707512403
405,"Qlearntab_LLM_{'alpha': 0.05, 'gamma': 0.95, 'epsilon': 0.2, 'epsilon_step': 0.01}",,405,99,1,-51,0.09152078628540039,"[0, 0, 0, 0, 0, 0, 0, 1, 0, 0, 2, 2, 3, 2, 2, 2, 0, 2, 2, 2, 2, 2, 3, 2, 3, 2, 3, 2, 3, 2, 2, 2, 2, 3, 2, 2, 2, 2, 2, 2, 3, 2, 2, 2, 2, 3, 2, 3, 2, 3, 0, 3, 2, 3, 2, 2, 2, 3, 2, 3, 2, 3, 2, 2, 2, 2, 3, 2, 3, 2, 3, 2, 2, 3, 3, 2, 3, 2, 2, 3, 2, 2, 2, 2, 2, 2, 2, 2, 0, 0, 0, 2, 2, 3, 3, 2, 3, 3, 2, 3]",1.6760859802943928,0.05079048425134524
406,"Qlearntab_LLM_{'alpha': 0.05, 'gamma': 0.95, 'epsilon': 0.2, 'epsilon_step': 0.01}",,406,99,1,-50,0.0905911922454834,"[0, 0, 0, 2, 2, 3, 2, 3, 2, 2, 2, 3, 2, 3, 2, 2, 2, 2, 2, 3, 2, 2, 3, 2, 2, 3, 3, 2, 2, 3, 2, 2, 3, 2, 2, 2, 3, 2, 3, 2, 3, 2, 3, 0, 0, 3, 2, 3, 2, 2, 2, 2, 3, 2, 3, 2, 3, 3, 2, 2, 2, 2, 2, 3, 2, 0, 2, 3, 2, 2, 3, 2, 3, 2, 3, 2, 2, 0, 2, 2, 3, 2, 3, 2, 2, 2, 3, 2, 3, 2, 3, 2, 3, 2, 3, 2, 3, 2, 3, 2]",1.6949093910814312,0.05136089063883125
407,"Qlearntab_LLM_{'alpha': 0.05, 'gamma': 0.95, 'epsilon': 0.2, 'epsilon_step': 0.01}",,407,3,-1,-51,0.0039997100830078125,"[1, 1, 1, 2]",1.6843130109453608,0.05103978821046548
408,"Qlearntab_LLM_{'alpha': 0.05, 'gamma': 0.95, 'epsilon': 0.2, 'epsilon_step': 0.01}",,408,7,-1,-52,0.008100748062133789,"[2, 2, 0, 0, 0, 0, 0, 0]",1.6710361036268921,0.0506374576856634
409,"Qlearntab_LLM_{'alpha': 0.05, 'gamma': 0.95, 'epsilon': 0.2, 'epsilon_step': 0.01}",,409,2,-1,-53,0.003000020980834961,"[1, 3, 2]",1.650933484078597,0.05002828739632112
410,"Qlearntab_LLM_{'alpha': 0.05, 'gamma': 0.95, 'epsilon': 0.2, 'epsilon_step': 0.01}",,410,99,1,-52,0.0927743911743164,"[3, 0, 0, 0, 2, 2, 2, 3, 2, 2, 3, 2, 2, 2, 2, 2, 3, 2, 3, 2, 3, 2, 3, 2, 3, 2, 3, 2, 3, 2, 2, 2, 3, 2, 3, 2, 3, 2, 2, 2, 2, 2, 2, 2, 2, 2, 2, 2, 2, 2, 3, 2, 2, 3, 2, 3, 2, 3, 2, 2, 2, 3, 3, 2, 3, 2, 3, 0, 3, 2, 2, 2, 2, 2, 2, 2, 3, 2, 2, 2, 2, 3, 3, 2, 3, 3, 0, 3, 2, 3, 3, 2, 2, 2, 2, 2, 2, 2, 2, 2]",1.673031510672643,0.05069792456583767
411,"Qlearntab_LLM_{'alpha': 0.05, 'gamma': 0.95, 'epsilon': 0.2, 'epsilon_step': 0.01}",,411,0,-1,-53,0.0009999275207519531,[1],1.6364186421436522,0.049588443701322794
412,"Qlearntab_LLM_{'alpha': 0.05, 'gamma': 0.95, 'epsilon': 0.2, 'epsilon_step': 0.01}",,412,99,1,-52,0.09073257446289062,"[2, 1, 0, 0, 2, 0, 2, 2, 2, 2, 3, 3, 3, 2, 3, 3, 2, 2, 2, 2, 2, 3, 3, 2, 2, 3, 3, 2, 2, 2, 3, 2, 2, 3, 2, 3, 2, 3, 2, 3, 2, 3, 2, 3, 2, 2, 3, 2, 3, 0, 3, 0, 3, 2, 3, 2, 2, 2, 2, 2, 3, 2, 2, 2, 3, 2, 2, 2, 2, 3, 2, 2, 2, 2, 3, 2, 3, 2, 3, 2, 3, 2, 2, 2, 3, 2, 3, 2, 2, 2, 3, 2, 2, 3, 2, 2, 2, 3, 3, 2]",1.6717470287485634,0.05065900087116859
413,"Qlearntab_LLM_{'alpha': 0.05, 'gamma': 0.95, 'epsilon': 0.2, 'epsilon_step': 0.01}",,413,3,-1,-53,0.004000425338745117,"[0, 0, 0, 1]",1.6326087360905508,0.049472992002743965
414,"Qlearntab_LLM_{'alpha': 0.05, 'gamma': 0.95, 'epsilon': 0.2, 'epsilon_step': 0.01}",,414,0,-1,-54,0.0009992122650146484,[0],1.5926603036930647,0.04826243344524438
415,"Qlearntab_LLM_{'alpha': 0.05, 'gamma': 0.95, 'epsilon': 0.2, 'epsilon_step': 0.01}",,415,99,1,-53,0.09170961380004883,"[0, 0, 0, 0, 0, 2, 2, 2, 3, 2, 3, 3, 2, 3, 2, 3, 2, 2, 3, 2, 3, 3, 2, 3, 0, 3, 2, 2, 2, 2, 3, 2, 3, 2, 3, 2, 3, 2, 3, 2, 3, 2, 3, 2, 3, 2, 3, 2, 2, 2, 2, 3, 0, 3, 2, 3, 2, 2, 3, 2, 3, 2, 3, 2, 2, 3, 2, 3, 2, 2, 3, 2, 2, 2, 3, 2, 2, 3, 2, 2, 2, 2, 3, 3, 2, 3, 2, 2, 2, 2, 2, 0, 2, 0, 0, 1, 0, 0, 0, 2]",1.6130624008252326,0.04888067881288583
416,"Qlearntab_LLM_{'alpha': 0.05, 'gamma': 0.95, 'epsilon': 0.2, 'epsilon_step': 0.01}",,416,6,-1,-54,0.006000041961669922,"[2, 1, 0, 2, 3, 1, 3]",1.6093152650838984,0.04876712924496662
417,"Qlearntab_LLM_{'alpha': 0.05, 'gamma': 0.95, 'epsilon': 0.2, 'epsilon_step': 0.01}",,417,2,-1,-55,0.003082275390625,"[3, 2, 0]",1.5862117029421605,0.048067021301277595
418,"Qlearntab_LLM_{'alpha': 0.05, 'gamma': 0.95, 'epsilon': 0.2, 'epsilon_step': 0.01}",,418,1,-1,-56,0.002001047134399414,"[2, 2]",1.564342087983525,0.04740430569647046
419,"Qlearntab_LLM_{'alpha': 0.05, 'gamma': 0.95, 'epsilon': 0.2, 'epsilon_step': 0.01}",,419,71,0,-56,0.06538891792297363,"[3, 0, 0, 0, 0, 0, 2, 2, 2, 3, 2, 3, 2, 3, 2, 3, 2, 3, 2, 3, 2, 2, 2, 3, 2, 2, 3, 2, 3, 2, 2, 2, 3, 2, 3, 2, 3, 2, 2, 2, 2, 2, 3, 2, 2, 2, 2, 3, 2, 3, 3, 2, 3, 2, 2, 3, 2, 2, 3, 2, 2, 3, 2, 3, 2, 2, 0, 0, 0, 0, 0, 1]",1.5433090842718256,0.04676694194763108
420,"Qlearntab_LLM_{'alpha': 0.05, 'gamma': 0.95, 'epsilon': 0.2, 'epsilon_step': 0.01}",,420,99,1,-55,0.09059929847717285,"[3, 0, 0, 0, 2, 2, 3, 2, 3, 2, 2, 2, 2, 2, 2, 3, 2, 3, 2, 2, 2, 2, 2, 2, 3, 2, 2, 3, 2, 3, 2, 3, 2, 3, 2, 3, 2, 3, 2, 3, 2, 2, 2, 3, 2, 2, 2, 3, 2, 2, 2, 3, 2, 2, 2, 2, 2, 3, 2, 3, 2, 2, 3, 2, 2, 3, 2, 2, 3, 2, 3, 2, 3, 2, 2, 2, 2, 2, 2, 2, 3, 2, 2, 2, 3, 2, 2, 2, 3, 2, 3, 2, 3, 2, 3, 2, 3, 2, 2, 3]",1.563614153044629,0.047382247061958455
421,"Qlearntab_LLM_{'alpha': 0.05, 'gamma': 0.95, 'epsilon': 0.2, 'epsilon_step': 0.01}",,421,99,1,-54,0.09161663055419922,"[1, 2, 0, 3, 0, 0, 3, 2, 2, 0, 0, 2, 2, 3, 2, 3, 0, 3, 2, 3, 0, 3, 2, 2, 3, 2, 3, 2, 2, 3, 2, 3, 2, 2, 2, 3, 2, 3, 2, 3, 2, 2, 2, 3, 2, 3, 2, 2, 3, 2, 2, 2, 2, 2, 3, 2, 3, 3, 3, 2, 2, 3, 3, 2, 3, 2, 3, 3, 3, 2, 3, 2, 3, 2, 3, 2, 3, 2, 3, 2, 3, 2, 3, 2, 2, 3, 2, 2, 3, 2, 3, 2, 3, 2, 3, 2, 3, 2, 3, 2]",1.6190071997374462,0.049060824234468066
422,"Qlearntab_LLM_{'alpha': 0.05, 'gamma': 0.95, 'epsilon': 0.2, 'epsilon_step': 0.01}",,422,0,-1,-55,0.0010004043579101562,[1],1.5821468760992046,0.04794384473027893
423,"Qlearntab_LLM_{'alpha': 0.05, 'gamma': 0.95, 'epsilon': 0.2, 'epsilon_step': 0.01}",,423,0,-1,-56,0.00099945068359375,[2],1.5516206718120316,0.04701880823672823
424,"Qlearntab_LLM_{'alpha': 0.05, 'gamma': 0.95, 'epsilon': 0.2, 'epsilon_step': 0.01}",,424,2,-1,-57,0.003000020980834961,"[0, 1, 2]",1.5265954753848263,0.046260468951055345
425,"Qlearntab_LLM_{'alpha': 0.05, 'gamma': 0.95, 'epsilon': 0.2, 'epsilon_step': 0.01}",,425,0,-1,-58,0.0010006427764892578,[2],1.4990455760156527,0.04542562351562584
426,"Qlearntab_LLM_{'alpha': 0.05, 'gamma': 0.95, 'epsilon': 0.2, 'epsilon_step': 0.01}",,426,99,1,-57,0.0906217098236084,"[1, 3, 2, 1, 0, 0, 0, 0, 0, 0, 2, 2, 3, 2, 2, 3, 2, 3, 2, 2, 2, 2, 2, 3, 3, 2, 2, 2, 2, 3, 2, 3, 2, 3, 3, 2, 2, 0, 2, 2, 3, 2, 3, 2, 2, 3, 2, 3, 2, 2, 0, 0, 0, 0, 2, 2, 2, 2, 2, 2, 2, 2, 2, 2, 2, 3, 2, 2, 3, 2, 3, 2, 3, 0, 3, 2, 2, 2, 3, 2, 3, 2, 2, 3, 2, 2, 2, 2, 2, 2, 2, 3, 2, 3, 2, 2, 3, 2, 2, 2]",1.540601357254055,0.04668488961375924
427,"Qlearntab_LLM_{'alpha': 0.05, 'gamma': 0.95, 'epsilon': 0.2, 'epsilon_step': 0.01}",,427,1,-1,-58,0.0030040740966796875,"[2, 2]",1.5248349321544838,0.04620711915619648
428,"Qlearntab_LLM_{'alpha': 0.05, 'gamma': 0.95, 'epsilon': 0.2, 'epsilon_step': 0.01}",,428,99,1,-57,0.08988261222839355,"[2, 2, 0, 0, 2, 2, 3, 2, 3, 2, 2, 2, 3, 2, 3, 2, 3, 2, 2, 2, 2, 3, 2, 2, 2, 3, 2, 3, 2, 3, 2, 2, 3, 2, 3, 2, 2, 3, 2, 3, 2, 3, 2, 3, 2, 3, 2, 2, 2, 2, 3, 2, 3, 2, 2, 3, 2, 3, 2, 2, 3, 2, 2, 3, 2, 2, 3, 2, 2, 3, 2, 3, 2, 3, 2, 3, 2, 2, 3, 2, 3, 2, 3, 2, 3, 0, 3, 2, 3, 2, 3, 2, 2, 2, 3, 2, 3, 2, 3, 2]",1.5665736665290888,0.04747192928876027
429,"Qlearntab_LLM_{'alpha': 0.05, 'gamma': 0.95, 'epsilon': 0.2, 'epsilon_step': 0.01}",,429,8,-1,-58,0.008004188537597656,"[0, 3, 3, 3, 3, 2, 0, 0, 3]",1.5490662689079704,0.04694140208812032
430,"Qlearntab_LLM_{'alpha': 0.05, 'gamma': 0.95, 'epsilon': 0.2, 'epsilon_step': 0.01}",,430,99,1,-57,0.09095096588134766,"[2, 2, 0, 0, 2, 2, 2, 3, 2, 2, 3, 2, 2, 3, 2, 2, 2, 2, 0, 2, 2, 3, 2, 2, 3, 2, 2, 3, 2, 2, 2, 2, 2, 3, 2, 3, 2, 3, 2, 2, 2, 2, 3, 2, 2, 3, 2, 3, 2, 3, 2, 3, 3, 2, 3, 2, 3, 2, 2, 2, 2, 2, 3, 2, 2, 3, 2, 3, 2, 2, 2, 2, 2, 2, 3, 2, 3, 2, 3, 2, 3, 2, 3, 2, 3, 3, 2, 2, 2, 3, 2, 3, 2, 2, 3, 2, 3, 2, 3, 2]",1.5876534770959654,0.04811071142715047
431,"Qlearntab_LLM_{'alpha': 0.05, 'gamma': 0.95, 'epsilon': 0.2, 'epsilon_step': 0.01}",,431,99,1,-56,0.09173583984375,"[3, 2, 0, 1, 3, 0, 0, 2, 2, 2, 2, 3, 3, 2, 3, 0, 3, 2, 2, 3, 2, 2, 2, 3, 2, 2, 0, 0, 0, 2, 2, 3, 0, 3, 3, 2, 3, 2, 3, 2, 3, 2, 2, 2, 3, 2, 3, 2, 3, 2, 2, 2, 3, 2, 3, 2, 3, 2, 2, 3, 2, 2, 0, 2, 2, 2, 3, 2, 3, 2, 3, 2, 2, 3, 2, 3, 2, 2, 2, 2, 2, 3, 2, 3, 2, 3, 2, 3, 2, 3, 2, 3, 2, 2, 3, 2, 3, 2, 3, 3]",1.6284908011923678,0.049348206096738415
432,"Qlearntab_LLM_{'alpha': 0.05, 'gamma': 0.95, 'epsilon': 0.2, 'epsilon_step': 0.01}",,432,0,-1,-57,0.0010001659393310547,[3],1.5923616433220835,0.04825338313097223
433,"Qlearntab_LLM_{'alpha': 0.05, 'gamma': 0.95, 'epsilon': 0.2, 'epsilon_step': 0.01}",,433,99,1,-56,0.08977484703063965,"[0, 1, 1, 0, 0, 0, 0, 0, 0, 2, 2, 3, 2, 3, 3, 2, 3, 0, 3, 0, 3, 2, 2, 2, 2, 2, 2, 3, 2, 2, 3, 2, 3, 2, 3, 2, 3, 2, 3, 2, 2, 3, 2, 3, 2, 3, 2, 3, 2, 3, 2, 2, 3, 2, 3, 2, 3, 2, 3, 2, 2, 2, 3, 2, 3, 2, 2, 2, 3, 2, 3, 2, 3, 2, 3, 2, 3, 2, 3, 2, 2, 3, 2, 2, 2, 2, 3, 2, 2, 2, 3, 2, 3, 2, 2, 3, 2, 2, 3, 2]",1.6192952616041048,0.04906955338194257
434,"Qlearntab_LLM_{'alpha': 0.05, 'gamma': 0.95, 'epsilon': 0.2, 'epsilon_step': 0.01}",,434,0,-1,-57,0.0010006427764892578,[1],1.5826120481445534,0.047957940852865255
435,"Qlearntab_LLM_{'alpha': 0.05, 'gamma': 0.95, 'epsilon': 0.2, 'epsilon_step': 0.01}",,435,99,1,-56,0.08970189094543457,"[1, 2, 3, 3, 0, 0, 0, 2, 2, 3, 2, 3, 2, 3, 2, 3, 2, 3, 2, 3, 2, 2, 2, 3, 2, 3, 2, 3, 2, 2, 2, 3, 2, 3, 2, 2, 3, 2, 3, 2, 3, 2, 2, 0, 2, 2, 2, 2, 0, 2, 2, 0, 3, 2, 3, 2, 3, 2, 2, 2, 2, 2, 3, 2, 3, 2, 2, 2, 2, 2, 2, 2, 2, 3, 2, 2, 2, 3, 2, 2, 2, 3, 3, 2, 2, 2, 0, 2, 2, 3, 2, 3, 2, 3, 2, 2, 2, 2, 3, 2]",1.6349747098830947,0.0495446881782756
436,"Qlearntab_LLM_{'alpha': 0.05, 'gamma': 0.95, 'epsilon': 0.2, 'epsilon_step': 0.01}",,436,0,-1,-57,0.0009999275207519531,[0],1.595512321588877,0.048348858229965964
437,"Qlearntab_LLM_{'alpha': 0.05, 'gamma': 0.95, 'epsilon': 0.2, 'epsilon_step': 0.01}",,437,3,-1,-58,0.004001140594482422,"[3, 0, 0, 1]",1.564127831536905,0.047397813076875905
438,"Qlearntab_LLM_{'alpha': 0.05, 'gamma': 0.95, 'epsilon': 0.2, 'epsilon_step': 0.01}",,438,99,1,-57,0.08978414535522461,"[3, 0, 0, 0, 0, 2, 2, 3, 2, 3, 2, 3, 2, 3, 2, 3, 2, 2, 3, 2, 2, 2, 3, 2, 3, 2, 3, 2, 3, 2, 2, 2, 2, 3, 2, 2, 2, 3, 2, 2, 3, 2, 3, 2, 2, 3, 2, 3, 2, 2, 3, 0, 3, 2, 2, 3, 2, 3, 2, 3, 2, 3, 2, 3, 2, 3, 0, 3, 2, 3, 2, 2, 2, 3, 2, 2, 3, 2, 2, 2, 3, 2, 2, 2, 2, 2, 2, 2, 2, 3, 2, 3, 2, 3, 2, 3, 2, 2, 3, 2]",1.5858702581533648,0.0480566744894959
439,"Qlearntab_LLM_{'alpha': 0.05, 'gamma': 0.95, 'epsilon': 0.2, 'epsilon_step': 0.01}",,439,4,-1,-58,0.0050814151763916016,"[0, 1, 1, 2, 2]",1.5756664438578507,0.04774746799569245
440,"Qlearntab_LLM_{'alpha': 0.05, 'gamma': 0.95, 'epsilon': 0.2, 'epsilon_step': 0.01}",,440,1,-1,-59,0.001999378204345703,"[0, 1]",1.542242442424503,0.04673461946740918
441,"Qlearntab_LLM_{'alpha': 0.05, 'gamma': 0.95, 'epsilon': 0.2, 'epsilon_step': 0.01}",,441,99,1,-58,0.09581923484802246,"[0, 0, 0, 0, 0, 2, 2, 3, 0, 0, 3, 2, 2, 3, 2, 2, 3, 2, 3, 2, 2, 2, 2, 0, 2, 2, 3, 3, 2, 3, 2, 3, 2, 2, 2, 2, 3, 2, 3, 2, 3, 2, 3, 2, 2, 2, 2, 3, 2, 3, 2, 2, 2, 3, 0, 3, 2, 2, 3, 2, 3, 2, 3, 2, 2, 2, 2, 2, 3, 0, 3, 2, 3, 2, 3, 2, 2, 3, 2, 2, 2, 2, 3, 2, 3, 2, 2, 3, 2, 3, 2, 2, 2, 2, 2, 3, 2, 3, 2, 3]",1.5604062319070142,0.04728503733051558
442,"Qlearntab_LLM_{'alpha': 0.05, 'gamma': 0.95, 'epsilon': 0.2, 'epsilon_step': 0.01}",,442,0,-1,-59,0.0009996891021728516,[1],1.5281371967692545,0.0463071877808865
443,"Qlearntab_LLM_{'alpha': 0.05, 'gamma': 0.95, 'epsilon': 0.2, 'epsilon_step': 0.01}",,443,2,-1,-60,0.0030007362365722656,"[1, 1, 3]",1.5112632452541745,0.045795855916793166
444,"Qlearntab_LLM_{'alpha': 0.05, 'gamma': 0.95, 'epsilon': 0.2, 'epsilon_step': 0.01}",,444,0,-1,-61,0.0009992122650146484,[2],1.481251658557513,0.044886413895682216
445,"Qlearntab_LLM_{'alpha': 0.05, 'gamma': 0.95, 'epsilon': 0.2, 'epsilon_step': 0.01}",,445,8,-1,-62,0.009065628051757812,"[2, 2, 3, 2, 0, 1, 1, 0, 3]",1.5038431207199396,0.04557100365817999
446,"Qlearntab_LLM_{'alpha': 0.05, 'gamma': 0.95, 'epsilon': 0.2, 'epsilon_step': 0.01}",,446,2,-1,-63,0.0030002593994140625,"[3, 0, 0]",1.4715236511981513,0.04459162579388337
447,"Qlearntab_LLM_{'alpha': 0.05, 'gamma': 0.95, 'epsilon': 0.2, 'epsilon_step': 0.01}",,447,11,-1,-64,0.012166738510131836,"[3, 2, 3, 1, 2, 2, 2, 1, 0, 3, 0, 3]",1.4888309316626889,0.0451160888382633
448,"Qlearntab_LLM_{'alpha': 0.05, 'gamma': 0.95, 'epsilon': 0.2, 'epsilon_step': 0.01}",,448,4,-1,-65,0.004001140594482422,"[2, 3, 0, 0, 2]",1.4688312689000962,0.04451003845151807
449,"Qlearntab_LLM_{'alpha': 0.05, 'gamma': 0.95, 'epsilon': 0.2, 'epsilon_step': 0.01}",,449,8,1,-64,0.008095264434814453,"[1, 0, 0, 0, 0, 0, 0, 1, 1]",1.533281507487331,0.04646307598446457
450,"Qlearntab_LLM_{'alpha': 0.05, 'gamma': 0.95, 'epsilon': 0.2, 'epsilon_step': 0.01}",,450,2,-1,-65,0.0029997825622558594,"[1, 1, 0]",1.5041264161773786,0.04557958836901147
451,"Qlearntab_LLM_{'alpha': 0.05, 'gamma': 0.95, 'epsilon': 0.2, 'epsilon_step': 0.01}",,451,0,-1,-66,0.0009999275207519531,[1],1.4690646222047832,0.04451710976378131
452,"Qlearntab_LLM_{'alpha': 0.05, 'gamma': 0.95, 'epsilon': 0.2, 'epsilon_step': 0.01}",,452,99,1,-65,0.08981108665466309,"[1, 0, 0, 0, 0, 0, 0, 2, 2, 3, 2, 2, 2, 3, 2, 3, 2, 3, 2, 3, 2, 3, 2, 3, 2, 3, 0, 3, 2, 2, 2, 2, 3, 2, 3, 2, 3, 2, 3, 2, 3, 2, 3, 2, 3, 2, 3, 2, 3, 2, 2, 3, 2, 3, 2, 2, 2, 3, 2, 3, 3, 3, 2, 3, 2, 3, 2, 2, 3, 3, 0, 3, 2, 2, 3, 2, 2, 2, 2, 3, 2, 2, 3, 2, 3, 2, 3, 2, 3, 2, 2, 2, 2, 2, 3, 2, 3, 2, 3, 2]",1.493407176648197,0.04525476292873325
453,"Qlearntab_LLM_{'alpha': 0.05, 'gamma': 0.95, 'epsilon': 0.2, 'epsilon_step': 0.01}",,453,0,-1,-66,0.0010023117065429688,[1],1.4592286128525929,0.044219048874320994
454,"Qlearntab_LLM_{'alpha': 0.05, 'gamma': 0.95, 'epsilon': 0.2, 'epsilon_step': 0.01}",,454,99,1,-65,0.0907440185546875,"[3, 0, 0, 3, 0, 2, 2, 2, 3, 2, 2, 3, 2, 2, 3, 2, 3, 2, 2, 3, 2, 3, 2, 3, 2, 3, 2, 2, 2, 2, 3, 2, 2, 3, 2, 3, 3, 2, 3, 2, 3, 2, 3, 3, 2, 3, 2, 2, 3, 2, 3, 2, 3, 2, 3, 2, 2, 2, 2, 3, 0, 3, 2, 3, 2, 2, 3, 2, 2, 2, 3, 2, 3, 2, 2, 2, 3, 3, 2, 2, 2, 2, 3, 2, 3, 2, 2, 2, 3, 2, 2, 3, 2, 3, 2, 3, 2, 2, 2, 3]",1.4911497216382277,0.045186355201158414
455,"Qlearntab_LLM_{'alpha': 0.05, 'gamma': 0.95, 'epsilon': 0.2, 'epsilon_step': 0.01}",,455,0,-1,-66,0.0010006427764892578,[1],1.4586800860324036,0.04420242684946678
456,"Qlearntab_LLM_{'alpha': 0.05, 'gamma': 0.95, 'epsilon': 0.2, 'epsilon_step': 0.01}",,456,1,-1,-67,0.0020945072174072266,"[1, 1]",1.4351011796914954,0.04348791453610592
457,"Qlearntab_LLM_{'alpha': 0.05, 'gamma': 0.95, 'epsilon': 0.2, 'epsilon_step': 0.01}",,457,2,-1,-68,0.0030002593994140625,"[1, 1, 2]",1.4213352549343161,0.043070765301039884
458,"Qlearntab_LLM_{'alpha': 0.05, 'gamma': 0.95, 'epsilon': 0.2, 'epsilon_step': 0.01}",,458,2,-1,-69,0.0020003318786621094,"[0, 0, 1]",1.3920166956303264,0.04218232411000989
459,"Qlearntab_LLM_{'alpha': 0.05, 'gamma': 0.95, 'epsilon': 0.2, 'epsilon_step': 0.01}",,459,1,-1,-70,0.0019998550415039062,"[2, 2]",1.3712484887128262,0.04155298450644928
460,"Qlearntab_LLM_{'alpha': 0.05, 'gamma': 0.95, 'epsilon': 0.2, 'epsilon_step': 0.01}",,460,0,-1,-71,0.0010709762573242188,[3],1.337501204952879,0.040530339544026635
461,"Qlearntab_LLM_{'alpha': 0.05, 'gamma': 0.95, 'epsilon': 0.2, 'epsilon_step': 0.01}",,461,0,-1,-72,0.0010020732879638672,[3],1.3054412853809292,0.03955882682972513
462,"Qlearntab_LLM_{'alpha': 0.05, 'gamma': 0.95, 'epsilon': 0.2, 'epsilon_step': 0.01}",,462,99,1,-71,0.08877682685852051,"[1, 0, 0, 0, 2, 2, 3, 2, 3, 2, 3, 2, 2, 2, 2, 3, 2, 2, 3, 2, 3, 2, 2, 0, 2, 2, 2, 2, 3, 1, 0, 3, 2, 3, 2, 2, 2, 3, 3, 2, 3, 2, 2, 2, 2, 2, 3, 3, 2, 3, 2, 2, 2, 3, 2, 2, 3, 2, 3, 3, 0, 3, 2, 3, 2, 3, 2, 2, 2, 2, 2, 2, 2, 3, 2, 3, 2, 3, 2, 3, 2, 2, 2, 2, 2, 2, 2, 3, 2, 3, 2, 3, 2, 3, 2, 2, 2, 3, 2, 3]",1.3406233949562383,0.04062495136231025
463,"Qlearntab_LLM_{'alpha': 0.05, 'gamma': 0.95, 'epsilon': 0.2, 'epsilon_step': 0.01}",,463,0,-1,-72,0.001001596450805664,[0],1.3026725142414224,0.039474924673982496
464,"Qlearntab_LLM_{'alpha': 0.05, 'gamma': 0.95, 'epsilon': 0.2, 'epsilon_step': 0.01}",,464,99,1,-71,0.08884620666503906,"[0, 1, 2, 0, 0, 0, 2, 2, 3, 2, 2, 2, 2, 3, 2, 3, 3, 2, 2, 3, 2, 2, 2, 2, 2, 3, 2, 2, 3, 2, 2, 2, 3, 3, 2, 3, 0, 0, 3, 2, 2, 3, 2, 3, 2, 3, 2, 3, 3, 2, 2, 3, 2, 2, 2, 2, 2, 2, 3, 2, 3, 2, 2, 3, 0, 3, 2, 3, 2, 3, 2, 2, 3, 0, 2, 2, 2, 3, 2, 3, 2, 3, 2, 3, 2, 3, 2, 3, 2, 3, 2, 3, 2, 3, 2, 2, 2, 2, 3, 2]",1.3425979758141784,0.040684787145884194
465,"Qlearntab_LLM_{'alpha': 0.05, 'gamma': 0.95, 'epsilon': 0.2, 'epsilon_step': 0.01}",,465,1,-1,-72,0.0019998550415039062,"[1, 1]",1.3181360416762835,0.039943516414432834
466,"Qlearntab_LLM_{'alpha': 0.05, 'gamma': 0.95, 'epsilon': 0.2, 'epsilon_step': 0.01}",,466,0,-1,-73,0.0010001659393310547,[2],1.2885668506027108,0.039047480321294264
467,"Qlearntab_LLM_{'alpha': 0.05, 'gamma': 0.95, 'epsilon': 0.2, 'epsilon_step': 0.01}",,467,1,-1,-74,0.0019996166229248047,"[0, 1]",1.260020646040235,0.03818244381940106
468,"Qlearntab_LLM_{'alpha': 0.05, 'gamma': 0.95, 'epsilon': 0.2, 'epsilon_step': 0.01}",,468,0,-1,-75,0.001001596450805664,[0],1.223897663211201,0.037087807976097
469,"Qlearntab_LLM_{'alpha': 0.05, 'gamma': 0.95, 'epsilon': 0.2, 'epsilon_step': 0.01}",,469,99,1,-74,0.08865594863891602,"[3, 0, 0, 0, 2, 2, 2, 3, 2, 3, 2, 3, 0, 3, 2, 3, 0, 3, 2, 3, 3, 2, 2, 2, 2, 3, 2, 2, 2, 3, 2, 3, 2, 2, 2, 3, 2, 2, 3, 0, 2, 3, 2, 2, 2, 2, 2, 2, 2, 3, 2, 2, 2, 2, 3, 2, 3, 2, 2, 2, 3, 2, 0, 3, 2, 3, 2, 2, 2, 2, 2, 2, 2, 3, 3, 2, 3, 2, 2, 2, 3, 2, 3, 2, 3, 2, 2, 2, 3, 2, 2, 2, 3, 2, 2, 3, 2, 2, 2, 2]",1.265582074869073,0.03835097196572948
470,"Qlearntab_LLM_{'alpha': 0.05, 'gamma': 0.95, 'epsilon': 0.2, 'epsilon_step': 0.01}",,470,1,-1,-75,0.0019998550415039062,"[1, 3]",1.241361290884444,0.03761700881468012
471,"Qlearntab_LLM_{'alpha': 0.05, 'gamma': 0.95, 'epsilon': 0.2, 'epsilon_step': 0.01}",,471,1,-1,-76,0.0020647048950195312,"[1, 2]",1.2202257823255578,0.036976538858350234
472,"Qlearntab_LLM_{'alpha': 0.05, 'gamma': 0.95, 'epsilon': 0.2, 'epsilon_step': 0.01}",,472,8,-1,-77,0.008001327514648438,"[3, 0, 0, 0, 0, 0, 0, 0, 3]",1.1922879813534433,0.03612993882889222
473,"Qlearntab_LLM_{'alpha': 0.05, 'gamma': 0.95, 'epsilon': 0.2, 'epsilon_step': 0.01}",,473,5,-1,-78,0.006075620651245117,"[0, 1, 2, 0, 1, 1]",1.1727301073478,0.035537275980236364
474,"Qlearntab_LLM_{'alpha': 0.05, 'gamma': 0.95, 'epsilon': 0.2, 'epsilon_step': 0.01}",,474,99,1,-77,0.08963632583618164,"[1, 1, 1, 1, 0, 0, 0, 0, 2, 2, 3, 2, 3, 0, 3, 2, 2, 2, 0, 0, 0, 0, 0, 0, 0, 0, 2, 2, 3, 2, 2, 2, 3, 2, 2, 3, 2, 3, 2, 2, 3, 2, 2, 2, 2, 2, 3, 2, 3, 2, 3, 2, 3, 2, 2, 2, 2, 2, 2, 0, 0, 0, 0, 0, 2, 2, 2, 2, 2, 2, 3, 2, 3, 2, 3, 2, 3, 2, 2, 2, 2, 2, 2, 2, 3, 2, 2, 2, 2, 3, 2, 3, 2, 2, 2, 0, 0, 0, 0, 2]",1.2241635241729096,0.03709586436887605
475,"Qlearntab_LLM_{'alpha': 0.05, 'gamma': 0.95, 'epsilon': 0.2, 'epsilon_step': 0.01}",,475,2,-1,-78,0.0029997825622558594,"[3, 3, 0]",1.200737231353605,0.036385976707685
476,"Qlearntab_LLM_{'alpha': 0.05, 'gamma': 0.95, 'epsilon': 0.2, 'epsilon_step': 0.01}",,476,0,-1,-79,0.0009999275207519531,[1],1.1698962351212816,0.03545140106428126
477,"Qlearntab_LLM_{'alpha': 0.05, 'gamma': 0.95, 'epsilon': 0.2, 'epsilon_step': 0.01}",,477,3,1,-78,0.0030519962310791016,"[1, 0, 1, 1]",1.2397164937479233,0.0375671664772098
478,"Qlearntab_LLM_{'alpha': 0.05, 'gamma': 0.95, 'epsilon': 0.2, 'epsilon_step': 0.01}",,478,3,-1,-79,0.004000425338745117,"[3, 2, 0, 0]",1.216882144630096,0.0368752165039423
479,"Qlearntab_LLM_{'alpha': 0.05, 'gamma': 0.95, 'epsilon': 0.2, 'epsilon_step': 0.01}",,479,99,1,-78,0.08944177627563477,"[0, 0, 0, 0, 0, 0, 2, 2, 2, 2, 3, 2, 3, 2, 3, 2, 2, 2, 3, 0, 0, 3, 2, 3, 2, 2, 2, 2, 3, 2, 3, 2, 3, 2, 3, 2, 3, 2, 2, 3, 2, 3, 2, 2, 2, 3, 2, 2, 3, 2, 3, 2, 2, 3, 2, 3, 3, 2, 3, 2, 3, 2, 2, 2, 3, 2, 3, 2, 3, 2, 3, 1, 2, 2, 2, 3, 2, 3, 2, 3, 2, 3, 2, 2, 2, 3, 2, 2, 3, 2, 3, 2, 3, 3, 2, 3, 2, 3, 2, 3]",1.2456873041569254,0.03774810012596744
480,"Qlearntab_LLM_{'alpha': 0.05, 'gamma': 0.95, 'epsilon': 0.2, 'epsilon_step': 0.01}",,480,0,-1,-79,0.0010001659393310547,[1],1.2152018051087312,0.03682429712450701
481,"Qlearntab_LLM_{'alpha': 0.05, 'gamma': 0.95, 'epsilon': 0.2, 'epsilon_step': 0.01}",,481,0,-1,-80,0.00099945068359375,[2],1.1869704540422552,0.0359688016376441
482,"Qlearntab_LLM_{'alpha': 0.05, 'gamma': 0.95, 'epsilon': 0.2, 'epsilon_step': 0.01}",,482,99,1,-79,0.08870673179626465,"[2, 0, 0, 0, 0, 0, 2, 2, 2, 3, 2, 3, 2, 3, 2, 3, 2, 3, 2, 3, 2, 3, 2, 3, 2, 2, 2, 3, 2, 3, 2, 3, 2, 2, 2, 2, 2, 3, 2, 3, 2, 2, 3, 2, 2, 3, 2, 2, 2, 3, 2, 3, 2, 3, 2, 3, 2, 2, 2, 2, 3, 2, 2, 3, 2, 3, 2, 3, 2, 2, 3, 2, 2, 2, 2, 3, 2, 3, 2, 3, 3, 2, 2, 2, 2, 3, 2, 2, 0, 2, 2, 3, 2, 2, 3, 2, 3, 3, 2, 2]",1.218985627416792,0.03693895840656946
483,"Qlearntab_LLM_{'alpha': 0.05, 'gamma': 0.95, 'epsilon': 0.2, 'epsilon_step': 0.01}",,483,0,-1,-80,0.0009951591491699219,[0],1.1857970617376294,0.03593324429507968
484,"Qlearntab_LLM_{'alpha': 0.05, 'gamma': 0.95, 'epsilon': 0.2, 'epsilon_step': 0.01}",,484,0,-1,-81,0.00099945068359375,[1],1.1568358376418448,0.03505563144369227
485,"Qlearntab_LLM_{'alpha': 0.05, 'gamma': 0.95, 'epsilon': 0.2, 'epsilon_step': 0.01}",,485,1,-1,-82,0.0020601749420166016,"[2, 2]",1.1347614162049897,0.034386709581969384
486,"Qlearntab_LLM_{'alpha': 0.05, 'gamma': 0.95, 'epsilon': 0.2, 'epsilon_step': 0.01}",,486,99,1,-81,0.08960175514221191,"[2, 0, 0, 0, 0, 2, 0, 0, 2, 2, 2, 2, 3, 2, 3, 2, 2, 3, 2, 3, 2, 2, 2, 2, 2, 3, 2, 2, 2, 2, 2, 3, 2, 2, 2, 2, 3, 2, 2, 3, 3, 2, 3, 2, 2, 3, 2, 3, 2, 3, 2, 3, 2, 2, 2, 3, 2, 3, 2, 3, 2, 2, 2, 2, 2, 2, 2, 2, 2, 3, 2, 3, 2, 3, 3, 2, 2, 2, 3, 2, 3, 2, 3, 2, 3, 2, 2, 3, 2, 2, 2, 3, 2, 3, 2, 3, 2, 3, 2, 2]",1.166851373758835,0.035359132538146515
487,"Qlearntab_LLM_{'alpha': 0.05, 'gamma': 0.95, 'epsilon': 0.2, 'epsilon_step': 0.01}",,487,0,-1,-82,0.001066446304321289,[1],1.1393382108678398,0.03452540032932848
488,"Qlearntab_LLM_{'alpha': 0.05, 'gamma': 0.95, 'epsilon': 0.2, 'epsilon_step': 0.01}",,488,99,1,-81,0.08848357200622559,"[3, 3, 3, 0, 0, 0, 2, 2, 2, 2, 2, 2, 2, 3, 2, 3, 2, 3, 2, 2, 2, 3, 2, 2, 2, 2, 3, 2, 3, 2, 3, 2, 2, 3, 2, 2, 2, 3, 2, 2, 2, 2, 2, 3, 2, 3, 2, 3, 2, 2, 2, 2, 3, 0, 0, 3, 2, 3, 2, 3, 2, 3, 2, 3, 2, 3, 2, 3, 2, 3, 2, 2, 3, 2, 2, 2, 3, 2, 2, 2, 2, 2, 3, 2, 3, 2, 2, 2, 2, 2, 0, 0, 0, 0, 0, 0, 2, 2, 3, 3]",1.1741146808183671,0.035579232752071734
489,"Qlearntab_LLM_{'alpha': 0.05, 'gamma': 0.95, 'epsilon': 0.2, 'epsilon_step': 0.01}",,489,4,-1,-82,0.004097461700439453,"[3, 3, 3, 1, 3]",1.1588597327518342,0.03511696159854043
490,"Qlearntab_LLM_{'alpha': 0.05, 'gamma': 0.95, 'epsilon': 0.2, 'epsilon_step': 0.01}",,490,1,-1,-83,0.0019996166229248047,"[0, 0]",1.1270548446043638,0.034153177109223144
491,"Qlearntab_LLM_{'alpha': 0.05, 'gamma': 0.95, 'epsilon': 0.2, 'epsilon_step': 0.01}",,491,3,1,-82,0.0040950775146484375,"[1, 0, 1, 1]",1.198078510644102,0.03630540941345764
492,"Qlearntab_LLM_{'alpha': 0.05, 'gamma': 0.95, 'epsilon': 0.2, 'epsilon_step': 0.01}",,492,3,1,-81,0.0030014514923095703,"[2, 0, 1, 1]",1.2681026958813182,0.03842735442064601
493,"Qlearntab_LLM_{'alpha': 0.05, 'gamma': 0.95, 'epsilon': 0.2, 'epsilon_step': 0.01}",,493,1,-1,-82,0.002000093460083008,"[1, 2]",1.243506604835455,0.037682018328347125
494,"Qlearntab_LLM_{'alpha': 0.05, 'gamma': 0.95, 'epsilon': 0.2, 'epsilon_step': 0.01}",,494,1,-1,-83,0.0019996166229248047,"[0, 2]",1.2171785465994946,0.03688419838180287
495,"Qlearntab_LLM_{'alpha': 0.05, 'gamma': 0.95, 'epsilon': 0.2, 'epsilon_step': 0.01}",,495,99,1,-82,0.08862733840942383,"[2, 1, 0, 0, 2, 2, 3, 3, 2, 3, 2, 2, 2, 2, 2, 3, 2, 3, 3, 2, 2, 2, 3, 2, 2, 3, 2, 3, 2, 3, 2, 3, 2, 3, 2, 3, 2, 2, 2, 2, 2, 2, 3, 2, 3, 2, 3, 2, 2, 3, 1, 2, 3, 2, 3, 0, 3, 2, 3, 2, 3, 2, 2, 3, 2, 3, 2, 2, 3, 3, 2, 3, 2, 3, 2, 3, 2, 3, 2, 2, 3, 2, 2, 2, 3, 2, 2, 2, 2, 2, 2, 3, 2, 3, 2, 2, 2, 2, 3, 2]",1.255516556937267,0.03804595627082628
496,"Qlearntab_LLM_{'alpha': 0.05, 'gamma': 0.95, 'epsilon': 0.2, 'epsilon_step': 0.01}",,496,0,-1,-83,0.0020029544830322266,[2],1.2292982635101348,0.037251462530610145
497,"Qlearntab_LLM_{'alpha': 0.05, 'gamma': 0.95, 'epsilon': 0.2, 'epsilon_step': 0.01}",,497,2,-1,-84,0.0030672550201416016,"[3, 1, 1]",1.2050792293187975,0.036517552403599926
498,"Qlearntab_LLM_{'alpha': 0.05, 'gamma': 0.95, 'epsilon': 0.2, 'epsilon_step': 0.01}",,498,0,-1,-85,0.00099945068359375,[2],1.1801718505630219,0.0357627833503946
499,"Qlearntab_LLM_{'alpha': 0.05, 'gamma': 0.95, 'epsilon': 0.2, 'epsilon_step': 0.01}",,499,99,1,-84,0.08858871459960938,"[1, 3, 0, 0, 0, 0, 0, 0, 0, 0, 0, 0, 0, 0, 0, 2, 2, 2, 3, 2, 2, 3, 2, 3, 2, 2, 2, 2, 3, 2, 3, 3, 2, 2, 2, 2, 3, 2, 2, 2, 2, 2, 3, 2, 2, 3, 2, 3, 2, 2, 2, 3, 2, 3, 2, 2, 2, 2, 2, 2, 3, 2, 3, 2, 2, 2, 3, 2, 3, 2, 3, 2, 3, 2, 3, 3, 2, 2, 3, 2, 3, 3, 2, 2, 3, 0, 3, 2, 3, 2, 2, 3, 2, 2, 3, 2, 2, 3, 2, 3]",1.219205496743653,0.03694562111344403
500,"Qlearntab_LLM_{'alpha': 0.05, 'gamma': 0.95, 'epsilon': 0.2, 'epsilon_step': 0.01}",,500,3,-1,-85,0.004000663757324219,"[3, 3, 0, 2]",1.1989364958735318,0.0363314089658646
501,"Qlearntab_LLM_{'alpha': 0.05, 'gamma': 0.95, 'epsilon': 0.2, 'epsilon_step': 0.01}",,501,99,1,-84,0.08853626251220703,"[0, 0, 2, 0, 1, 0, 2, 1, 2, 0, 0, 2, 2, 2, 2, 2, 2, 2, 3, 2, 2, 3, 2, 3, 2, 3, 2, 3, 2, 3, 2, 3, 2, 3, 2, 3, 2, 2, 3, 2, 2, 3, 2, 3, 2, 2, 2, 2, 2, 3, 2, 2, 2, 3, 2, 3, 2, 3, 2, 3, 2, 2, 3, 0, 3, 2, 3, 2, 3, 2, 2, 2, 2, 2, 3, 2, 2, 0, 0, 2, 2, 2, 2, 2, 2, 2, 2, 2, 2, 3, 2, 3, 2, 2, 2, 3, 2, 2, 2, 3]",1.26821223421465,0.038430673764080304
502,"Qlearntab_LLM_{'alpha': 0.05, 'gamma': 0.95, 'epsilon': 0.2, 'epsilon_step': 0.01}",,502,8,-1,-85,0.009061098098754883,"[3, 2, 3, 3, 1, 2, 3, 2, 2]",1.2753780997059898,0.038647821203211814
503,"Qlearntab_LLM_{'alpha': 0.05, 'gamma': 0.95, 'epsilon': 0.2, 'epsilon_step': 0.01}",,503,7,-1,-86,0.007999181747436523,"[1, 3, 2, 0, 1, 1, 1, 1]",1.254810118511363,0.038024549045798876
504,"Qlearntab_LLM_{'alpha': 0.05, 'gamma': 0.95, 'epsilon': 0.2, 'epsilon_step': 0.01}",,504,2,-1,-87,0.003055095672607422,"[2, 2, 3]",1.2356652423915127,0.03744440128459129
505,"Qlearntab_LLM_{'alpha': 0.05, 'gamma': 0.95, 'epsilon': 0.2, 'epsilon_step': 0.01}",,505,99,1,-86,0.08755898475646973,"[1, 1, 1, 0, 0, 2, 2, 2, 2, 2, 2, 2, 2, 3, 2, 3, 2, 3, 2, 2, 3, 2, 3, 2, 3, 2, 2, 2, 2, 3, 2, 3, 2, 2, 2, 3, 2, 3, 3, 2, 3, 2, 2, 3, 2, 3, 2, 3, 2, 2, 2, 3, 2, 2, 2, 2, 2, 3, 2, 2, 3, 2, 2, 2, 3, 2, 2, 2, 3, 2, 2, 2, 2, 3, 2, 3, 2, 3, 2, 2, 3, 2, 2, 3, 2, 3, 2, 2, 3, 2, 3, 2, 2, 3, 2, 2, 2, 3, 3, 2]",1.2719815902309928,0.03854489667366645
506,"Qlearntab_LLM_{'alpha': 0.05, 'gamma': 0.95, 'epsilon': 0.2, 'epsilon_step': 0.01}",,506,68,2,-84,0.061379432678222656,"[3, 0, 0, 2, 2, 3, 2, 3, 2, 2, 2, 2, 3, 2, 3, 2, 2, 2, 3, 2, 2, 2, 2, 3, 2, 3, 2, 3, 2, 2, 2, 2, 3, 2, 3, 2, 2, 3, 2, 3, 2, 3, 2, 3, 2, 3, 2, 3, 2, 3, 2, 3, 2, 3, 2, 3, 2, 3, 2, 3, 2, 2, 3, 2, 3, 2, 3, 2, 1]",1.363522390512224,0.040103599720947763
507,"Qlearntab_LLM_{'alpha': 0.05, 'gamma': 0.95, 'epsilon': 0.2, 'epsilon_step': 0.01}",,507,3,-1,-85,0.0039997100830078125,"[3, 1, 3, 1]",1.3395447635645255,0.03939837539895663
508,"Qlearntab_LLM_{'alpha': 0.05, 'gamma': 0.95, 'epsilon': 0.2, 'epsilon_step': 0.01}",,508,2,-1,-86,0.003000497817993164,"[0, 0, 2]",1.3137713487172893,0.03864033378580262
509,"Qlearntab_LLM_{'alpha': 0.05, 'gamma': 0.95, 'epsilon': 0.2, 'epsilon_step': 0.01}",,509,45,0,-86,0.0425105094909668,"[3, 3, 3, 3, 2, 0, 0, 1, 0, 1, 2, 0, 0, 0, 2, 2, 3, 2, 3, 2, 2, 2, 3, 2, 2, 2, 2, 2, 2, 3, 2, 3, 0, 3, 2, 2, 3, 2, 2, 2, 2, 0, 0, 0, 3, 2]",1.3550374954204027,0.03985404398295302
510,"Qlearntab_LLM_{'alpha': 0.05, 'gamma': 0.95, 'epsilon': 0.2, 'epsilon_step': 0.01}",,510,99,1,-85,0.0886380672454834,"[3, 0, 1, 1, 0, 0, 0, 0, 0, 2, 2, 2, 2, 2, 3, 2, 3, 2, 3, 2, 3, 0, 3, 2, 2, 2, 2, 2, 3, 3, 2, 3, 2, 3, 2, 3, 2, 3, 2, 2, 2, 2, 3, 2, 3, 2, 3, 2, 3, 2, 2, 2, 3, 2, 2, 2, 2, 3, 2, 3, 2, 3, 2, 2, 2, 2, 3, 2, 2, 3, 3, 2, 3, 2, 3, 2, 3, 2, 3, 2, 2, 2, 2, 3, 2, 3, 2, 2, 2, 3, 2, 3, 2, 2, 2, 3, 2, 3, 2, 2]",1.3884027484807835,0.04083537495531716
511,"Qlearntab_LLM_{'alpha': 0.05, 'gamma': 0.95, 'epsilon': 0.2, 'epsilon_step': 0.01}",,511,99,1,-84,0.08847999572753906,"[0, 0, 0, 0, 2, 2, 2, 3, 2, 3, 2, 3, 2, 2, 3, 2, 3, 2, 3, 2, 2, 3, 2, 2, 2, 2, 2, 3, 2, 2, 3, 2, 3, 2, 3, 2, 2, 2, 3, 2, 2, 2, 2, 2, 2, 2, 2, 2, 2, 2, 2, 2, 3, 2, 3, 2, 3, 2, 2, 2, 2, 2, 2, 3, 2, 2, 3, 2, 3, 2, 3, 2, 2, 2, 2, 3, 0, 3, 2, 2, 2, 3, 2, 3, 2, 3, 3, 0, 3, 2, 3, 2, 2, 2, 3, 2, 2, 2, 3, 2]",1.4097536142357783,0.04146334159516995
512,"Qlearntab_LLM_{'alpha': 0.05, 'gamma': 0.95, 'epsilon': 0.2, 'epsilon_step': 0.01}",,512,0,-1,-85,0.0010516643524169922,[2],1.3833847034369637,0.04068778539520482
513,"Qlearntab_LLM_{'alpha': 0.05, 'gamma': 0.95, 'epsilon': 0.2, 'epsilon_step': 0.01}",,513,2,-1,-86,0.0030002593994140625,"[1, 1, 0]",1.3578835423555788,0.03993775124575232
514,"Qlearntab_LLM_{'alpha': 0.05, 'gamma': 0.95, 'epsilon': 0.2, 'epsilon_step': 0.01}",,514,89,0,-86,0.08053016662597656,"[3, 3, 1, 0, 0, 0, 0, 2, 2, 2, 2, 3, 2, 2, 2, 2, 3, 2, 3, 2, 3, 2, 3, 2, 3, 2, 3, 2, 2, 2, 2, 3, 2, 2, 2, 2, 2, 2, 2, 2, 3, 2, 3, 3, 2, 2, 3, 2, 2, 2, 2, 3, 2, 2, 3, 3, 3, 2, 3, 2, 3, 0, 3, 3, 2, 3, 2, 2, 2, 2, 2, 2, 2, 2, 2, 3, 2, 3, 2, 2, 2, 3, 2, 3, 2, 3, 3, 0, 3, 1]",1.3762891441197254,0.0393225469748493
515,"Qlearntab_LLM_{'alpha': 0.05, 'gamma': 0.95, 'epsilon': 0.2, 'epsilon_step': 0.01}",,515,3,-1,-87,0.004999876022338867,"[3, 3, 0, 1]",1.348930754433743,0.03854087869810694
516,"Qlearntab_LLM_{'alpha': 0.05, 'gamma': 0.95, 'epsilon': 0.2, 'epsilon_step': 0.01}",,516,99,1,-86,0.08988237380981445,"[3, 0, 0, 2, 2, 3, 2, 2, 2, 2, 3, 2, 2, 2, 2, 2, 2, 3, 2, 3, 2, 3, 2, 3, 2, 2, 3, 2, 3, 2, 3, 0, 3, 2, 2, 2, 2, 3, 2, 2, 2, 2, 2, 3, 2, 2, 3, 2, 3, 2, 3, 2, 3, 0, 3, 2, 2, 2, 3, 2, 3, 3, 2, 3, 2, 2, 2, 3, 2, 2, 3, 2, 2, 2, 3, 2, 3, 2, 3, 2, 2, 2, 2, 3, 2, 2, 3, 2, 2, 3, 2, 2, 2, 3, 2, 2, 3, 2, 2, 2]",1.370889538995298,0.0391682725427228
517,"Qlearntab_LLM_{'alpha': 0.05, 'gamma': 0.95, 'epsilon': 0.2, 'epsilon_step': 0.01}",,517,3,1,-85,0.004101991653442383,"[0, 0, 1, 1]",1.4359014554770466,0.041025755870772763
518,"Qlearntab_LLM_{'alpha': 0.05, 'gamma': 0.95, 'epsilon': 0.2, 'epsilon_step': 0.01}",,518,99,1,-84,0.09157371520996094,"[0, 0, 0, 2, 2, 2, 3, 2, 2, 2, 2, 2, 2, 2, 2, 2, 3, 2, 2, 2, 2, 2, 3, 3, 2, 3, 2, 2, 3, 2, 2, 2, 2, 3, 2, 3, 2, 2, 3, 2, 3, 2, 3, 2, 3, 2, 2, 3, 2, 3, 2, 2, 3, 2, 3, 2, 2, 3, 2, 3, 2, 3, 2, 2, 3, 2, 2, 2, 3, 2, 2, 2, 2, 2, 2, 2, 2, 3, 2, 3, 2, 2, 2, 3, 2, 2, 3, 2, 3, 2, 3, 2, 3, 2, 3, 0, 3, 2, 2, 2]",1.456177065581315,0.041605059016609006
519,"Qlearntab_LLM_{'alpha': 0.05, 'gamma': 0.95, 'epsilon': 0.2, 'epsilon_step': 0.01}",,519,0,-1,-85,0.001003265380859375,[0],1.420878497664325,0.040596528504695
520,"Qlearntab_LLM_{'alpha': 0.05, 'gamma': 0.95, 'epsilon': 0.2, 'epsilon_step': 0.01}",,520,99,1,-84,0.0885460376739502,"[3, 0, 0, 0, 2, 2, 3, 2, 3, 2, 2, 3, 2, 3, 2, 2, 3, 2, 3, 2, 3, 2, 2, 3, 2, 3, 2, 3, 2, 3, 2, 3, 2, 2, 2, 2, 3, 2, 2, 3, 2, 2, 3, 2, 2, 3, 2, 2, 3, 2, 2, 2, 2, 2, 2, 2, 3, 2, 3, 2, 2, 0, 2, 2, 3, 2, 2, 2, 2, 2, 2, 2, 3, 2, 3, 2, 2, 3, 2, 2, 3, 2, 3, 0, 3, 2, 3, 2, 3, 2, 3, 2, 3, 2, 3, 2, 3, 2, 2, 2]",1.446892495291637,0.04133978557976106
521,"Qlearntab_LLM_{'alpha': 0.05, 'gamma': 0.95, 'epsilon': 0.2, 'epsilon_step': 0.01}",,521,0,-1,-85,0.0009999275207519531,[1],1.4160558520846869,0.04045873863099105
522,"Qlearntab_LLM_{'alpha': 0.05, 'gamma': 0.95, 'epsilon': 0.2, 'epsilon_step': 0.01}",,522,0,-1,-86,0.0010001659393310547,[2],1.391005386825813,0.039743011052166086
523,"Qlearntab_LLM_{'alpha': 0.05, 'gamma': 0.95, 'epsilon': 0.2, 'epsilon_step': 0.01}",,523,3,-1,-87,0.004000186920166016,"[3, 1, 1, 1]",1.3746209606525257,0.03927488459007216
524,"Qlearntab_LLM_{'alpha': 0.05, 'gamma': 0.95, 'epsilon': 0.2, 'epsilon_step': 0.01}",,524,8,-1,-88,0.008066177368164062,"[2, 1, 2, 0, 0, 0, 1, 0, 1]",1.3675409517208845,0.0390725986205967
525,"Qlearntab_LLM_{'alpha': 0.05, 'gamma': 0.95, 'epsilon': 0.2, 'epsilon_step': 0.01}",,525,2,-1,-89,0.0040721893310546875,"[1, 1, 3]",1.3468123896465507,0.03848035398990145
526,"Qlearntab_LLM_{'alpha': 0.05, 'gamma': 0.95, 'epsilon': 0.2, 'epsilon_step': 0.01}",,526,2,-1,-90,0.0019998550415039062,"[0, 1, 1]",1.3238510401465666,0.03782431543275905
527,"Qlearntab_LLM_{'alpha': 0.05, 'gamma': 0.95, 'epsilon': 0.2, 'epsilon_step': 0.01}",,527,99,1,-89,0.08965039253234863,"[3, 2, 3, 2, 0, 0, 0, 0, 0, 1, 0, 2, 0, 0, 2, 2, 2, 0, 0, 1, 1, 1, 0, 0, 2, 2, 3, 2, 2, 2, 2, 3, 3, 2, 3, 2, 2, 2, 3, 2, 2, 3, 2, 3, 2, 3, 2, 2, 2, 2, 3, 2, 3, 2, 2, 2, 3, 2, 2, 2, 3, 2, 3, 2, 3, 2, 3, 2, 3, 2, 2, 3, 2, 3, 2, 2, 3, 2, 2, 3, 2, 2, 2, 2, 2, 2, 3, 2, 2, 2, 2, 2, 2, 2, 2, 2, 2, 2, 3, 2]",1.3958438861220395,0.03988125388920113
528,"Qlearntab_LLM_{'alpha': 0.05, 'gamma': 0.95, 'epsilon': 0.2, 'epsilon_step': 0.01}",,528,99,1,-88,0.08762621879577637,"[3, 0, 0, 0, 2, 2, 3, 2, 3, 2, 3, 2, 3, 2, 2, 3, 2, 3, 2, 3, 2, 2, 3, 2, 3, 2, 3, 2, 2, 3, 2, 3, 2, 3, 0, 3, 2, 2, 2, 3, 2, 2, 2, 3, 2, 2, 2, 3, 2, 3, 2, 3, 0, 3, 2, 2, 2, 3, 2, 2, 2, 2, 3, 2, 2, 2, 2, 2, 3, 2, 3, 2, 3, 2, 3, 2, 3, 2, 3, 2, 3, 2, 2, 3, 2, 2, 3, 2, 3, 3, 2, 3, 2, 3, 0, 3, 2, 3, 2, 3]",1.418347842451886,0.040524224070053884
529,"Qlearntab_LLM_{'alpha': 0.05, 'gamma': 0.95, 'epsilon': 0.2, 'epsilon_step': 0.01}",,529,99,1,-87,0.0887303352355957,"[0, 0, 0, 2, 2, 2, 2, 3, 2, 2, 2, 3, 0, 3, 2, 3, 2, 2, 3, 2, 3, 2, 2, 3, 2, 3, 2, 3, 2, 3, 2, 2, 3, 2, 2, 2, 2, 3, 2, 3, 2, 3, 2, 2, 3, 2, 2, 2, 3, 2, 3, 2, 3, 2, 3, 2, 3, 2, 3, 2, 2, 2, 2, 2, 2, 3, 2, 3, 2, 3, 2, 3, 2, 2, 2, 2, 2, 3, 2, 3, 2, 2, 3, 2, 3, 2, 2, 2, 2, 2, 2, 2, 2, 2, 2, 2, 3, 2, 3, 2]",1.4388621868797615,0.04111034819656462
530,"Qlearntab_LLM_{'alpha': 0.05, 'gamma': 0.95, 'epsilon': 0.2, 'epsilon_step': 0.01}",,530,99,1,-86,0.0886693000793457,"[3, 0, 0, 0, 0, 2, 2, 2, 2, 2, 3, 2, 2, 2, 3, 2, 3, 2, 2, 3, 2, 3, 2, 2, 3, 2, 2, 2, 3, 2, 3, 2, 3, 2, 3, 2, 2, 2, 2, 2, 2, 3, 2, 2, 2, 3, 2, 2, 2, 2, 3, 2, 3, 2, 2, 2, 2, 2, 2, 2, 3, 2, 3, 2, 3, 2, 2, 2, 2, 2, 2, 3, 2, 2, 2, 2, 3, 2, 3, 2, 3, 2, 2, 2, 3, 0, 3, 2, 2, 3, 2, 3, 2, 2, 3, 2, 2, 3, 2, 2]",1.4619184567274754,0.041769098763642154
531,"Qlearntab_LLM_{'alpha': 0.05, 'gamma': 0.95, 'epsilon': 0.2, 'epsilon_step': 0.01}",,531,99,1,-85,0.08751106262207031,"[3, 1, 0, 0, 2, 2, 2, 0, 0, 2, 2, 2, 2, 2, 3, 2, 3, 2, 3, 2, 2, 3, 2, 2, 2, 2, 3, 2, 3, 2, 3, 2, 2, 2, 2, 3, 2, 3, 2, 3, 2, 3, 2, 3, 2, 3, 2, 2, 2, 3, 2, 2, 3, 2, 2, 2, 2, 3, 2, 3, 2, 3, 3, 2, 3, 2, 3, 2, 2, 3, 2, 3, 2, 2, 2, 3, 2, 2, 3, 2, 2, 2, 2, 2, 3, 2, 3, 2, 3, 2, 3, 2, 2, 2, 2, 2, 2, 2, 3, 2]",1.4960562080875353,0.04274446308821529
532,"Qlearntab_LLM_{'alpha': 0.05, 'gamma': 0.95, 'epsilon': 0.2, 'epsilon_step': 0.01}",,532,72,2,-83,0.06442713737487793,"[1, 0, 0, 2, 2, 2, 3, 2, 2, 2, 2, 2, 3, 2, 3, 2, 0, 2, 2, 3, 2, 2, 3, 2, 3, 2, 3, 2, 3, 2, 2, 3, 2, 2, 2, 2, 3, 3, 2, 2, 2, 3, 3, 2, 2, 3, 2, 3, 2, 3, 2, 3, 2, 3, 2, 3, 2, 2, 2, 2, 3, 2, 3, 2, 2, 2, 2, 3, 3, 2, 3, 0, 1]",1.581351920497578,0.04518148344278794
533,"Qlearntab_LLM_{'alpha': 0.05, 'gamma': 0.95, 'epsilon': 0.2, 'epsilon_step': 0.01}",,533,0,-1,-84,0.0010035037994384766,[0],1.5459770820210483,0.04417077377202995
534,"Qlearntab_LLM_{'alpha': 0.05, 'gamma': 0.95, 'epsilon': 0.2, 'epsilon_step': 0.01}",,534,2,-1,-85,0.002997159957885742,"[3, 3, 2]",1.5188172337702937,0.04339477810772267
535,"Qlearntab_LLM_{'alpha': 0.05, 'gamma': 0.95, 'epsilon': 0.2, 'epsilon_step': 0.01}",,535,3,-1,-86,0.004063129425048828,"[3, 2, 0, 0]",1.4951191345810482,0.04271768955945852
536,"Qlearntab_LLM_{'alpha': 0.05, 'gamma': 0.95, 'epsilon': 0.2, 'epsilon_step': 0.01}",,536,0,-1,-87,0.0010027885437011719,[1],1.4634683777337527,0.04181338222096436
537,"Qlearntab_LLM_{'alpha': 0.05, 'gamma': 0.95, 'epsilon': 0.2, 'epsilon_step': 0.01}",,537,0,-1,-88,0.0009970664978027344,[3],1.4292032615652217,0.04083437890186348
538,"Qlearntab_LLM_{'alpha': 0.05, 'gamma': 0.95, 'epsilon': 0.2, 'epsilon_step': 0.01}",,538,4,1,-87,0.0039997100830078125,"[3, 1, 0, 1, 1]",1.4986763199932023,0.04281932342837721
539,"Qlearntab_LLM_{'alpha': 0.05, 'gamma': 0.95, 'epsilon': 0.2, 'epsilon_step': 0.01}",,539,99,1,-86,0.08869600296020508,"[0, 0, 0, 0, 0, 0, 0, 0, 0, 0, 0, 2, 0, 2, 2, 3, 3, 2, 3, 3, 2, 3, 2, 2, 3, 2, 3, 2, 3, 2, 3, 2, 3, 2, 3, 2, 3, 3, 2, 2, 3, 2, 3, 2, 2, 3, 2, 3, 2, 3, 2, 2, 2, 2, 2, 2, 2, 2, 2, 3, 3, 2, 3, 2, 2, 3, 2, 2, 3, 2, 3, 2, 3, 2, 2, 3, 2, 2, 3, 2, 3, 2, 2, 3, 2, 3, 2, 3, 2, 3, 2, 3, 3, 2, 3, 2, 3, 2, 3, 3]",1.523725547245769,0.0435350156355934
540,"Qlearntab_LLM_{'alpha': 0.05, 'gamma': 0.95, 'epsilon': 0.2, 'epsilon_step': 0.01}",,540,0,-1,-87,0.002000570297241211,[1],1.4925064244647925,0.04264304069899407
541,"Qlearntab_LLM_{'alpha': 0.05, 'gamma': 0.95, 'epsilon': 0.2, 'epsilon_step': 0.01}",,541,1,-1,-88,0.002067089080810547,"[1, 2]",1.4690460747348795,0.04197274499242513
542,"Qlearntab_LLM_{'alpha': 0.05, 'gamma': 0.95, 'epsilon': 0.2, 'epsilon_step': 0.01}",,542,99,1,-87,0.08957839012145996,"[1, 2, 0, 1, 0, 0, 0, 0, 2, 2, 3, 3, 2, 2, 2, 3, 2, 3, 2, 3, 2, 3, 2, 3, 2, 2, 2, 3, 2, 2, 3, 3, 2, 3, 2, 3, 2, 3, 2, 3, 2, 3, 2, 3, 2, 2, 3, 2, 3, 2, 3, 2, 3, 2, 3, 2, 3, 2, 3, 2, 2, 2, 2, 3, 3, 2, 2, 2, 2, 2, 2, 2, 3, 2, 3, 2, 3, 2, 2, 2, 3, 2, 3, 2, 2, 3, 2, 3, 2, 2, 3, 2, 2, 3, 2, 3, 2, 3, 2, 3]",1.5081199404762544,0.043089141156464415
543,"Qlearntab_LLM_{'alpha': 0.05, 'gamma': 0.95, 'epsilon': 0.2, 'epsilon_step': 0.01}",,543,99,1,-86,0.08780956268310547,"[1, 0, 1, 0, 0, 2, 2, 3, 2, 3, 2, 2, 3, 2, 2, 2, 2, 3, 2, 2, 2, 3, 2, 3, 2, 2, 2, 2, 3, 2, 3, 2, 3, 2, 3, 2, 3, 2, 2, 2, 3, 2, 3, 2, 3, 0, 3, 2, 2, 2, 3, 3, 2, 2, 2, 3, 2, 3, 2, 2, 2, 3, 2, 3, 2, 3, 2, 3, 2, 3, 2, 3, 2, 3, 2, 3, 2, 3, 2, 3, 2, 3, 2, 3, 3, 2, 3, 2, 3, 2, 3, 2, 3, 2, 3, 2, 3, 2, 3, 2]",1.53213331370086,0.043775237534310285
544,"Qlearntab_LLM_{'alpha': 0.05, 'gamma': 0.95, 'epsilon': 0.2, 'epsilon_step': 0.01}",,544,99,1,-85,0.08957791328430176,"[1, 0, 0, 0, 0, 2, 2, 3, 2, 2, 2, 2, 2, 3, 2, 3, 2, 3, 2, 3, 2, 3, 2, 3, 2, 3, 2, 3, 2, 2, 2, 3, 2, 3, 2, 2, 2, 3, 2, 3, 3, 2, 3, 2, 3, 2, 2, 3, 3, 2, 2, 3, 2, 3, 2, 3, 2, 2, 2, 2, 3, 2, 2, 3, 2, 2, 3, 2, 2, 2, 2, 3, 3, 2, 2, 3, 2, 3, 2, 3, 2, 3, 2, 3, 2, 3, 2, 2, 2, 3, 2, 2, 3, 2, 3, 2, 2, 2, 3, 3]",1.5564768033580234,0.04447076581022924
545,"Qlearntab_LLM_{'alpha': 0.05, 'gamma': 0.95, 'epsilon': 0.2, 'epsilon_step': 0.01}",,545,2,-1,-86,0.0030705928802490234,"[2, 3, 1]",1.5345738697389661,0.0438449677068276
546,"Qlearntab_LLM_{'alpha': 0.05, 'gamma': 0.95, 'epsilon': 0.2, 'epsilon_step': 0.01}",,546,1,-1,-87,0.002000093460083008,"[3, 2]",1.5096811934917185,0.04313374838547767
547,"Qlearntab_LLM_{'alpha': 0.05, 'gamma': 0.95, 'epsilon': 0.2, 'epsilon_step': 0.01}",,547,3,-1,-88,0.0029997825622558594,"[1, 2, 0, 1]",1.4877106373068998,0.042506018208768565
548,"Qlearntab_LLM_{'alpha': 0.05, 'gamma': 0.95, 'epsilon': 0.2, 'epsilon_step': 0.01}",,548,99,1,-87,0.08859658241271973,"[1, 0, 0, 0, 0, 0, 0, 2, 2, 2, 2, 2, 2, 3, 2, 3, 0, 3, 0, 3, 2, 3, 2, 2, 2, 0, 0, 3, 2, 2, 3, 2, 2, 3, 2, 2, 3, 2, 3, 2, 3, 2, 3, 2, 3, 2, 2, 3, 0, 3, 2, 3, 2, 3, 2, 3, 2, 3, 2, 3, 2, 3, 2, 3, 2, 3, 2, 3, 2, 3, 2, 3, 2, 2, 3, 2, 2, 2, 2, 3, 2, 2, 3, 2, 0, 2, 3, 2, 3, 2, 3, 2, 3, 2, 3, 2, 3, 2, 3, 3]",1.5190657537260286,0.04340187867788653
549,"Qlearntab_LLM_{'alpha': 0.05, 'gamma': 0.95, 'epsilon': 0.2, 'epsilon_step': 0.01}",,549,4,-1,-88,0.005000591278076172,"[0, 3, 0, 1, 3]",1.490656410246371,0.042590183149896314
550,"Qlearntab_LLM_{'alpha': 0.05, 'gamma': 0.95, 'epsilon': 0.2, 'epsilon_step': 0.01}",,550,0,-1,-89,0.0010564327239990234,[1],1.4583366869427525,0.04166676248407864
551,"Qlearntab_LLM_{'alpha': 0.05, 'gamma': 0.95, 'epsilon': 0.2, 'epsilon_step': 0.01}",,551,99,1,-88,0.08991622924804688,"[1, 0, 0, 2, 2, 3, 2, 3, 2, 2, 3, 3, 2, 3, 2, 3, 2, 3, 2, 3, 2, 3, 2, 3, 2, 2, 2, 3, 2, 3, 2, 3, 3, 2, 3, 2, 3, 2, 3, 2, 3, 2, 3, 2, 2, 3, 2, 2, 2, 3, 2, 2, 3, 2, 2, 3, 2, 3, 2, 2, 2, 2, 2, 2, 3, 0, 3, 2, 3, 2, 3, 2, 2, 2, 3, 3, 2, 3, 2, 3, 2, 3, 2, 2, 3, 2, 2, 0, 2, 0, 2, 2, 3, 2, 3, 2, 3, 2, 3, 2]",1.489766647440911,0.0425647613554546
552,"Qlearntab_LLM_{'alpha': 0.05, 'gamma': 0.95, 'epsilon': 0.2, 'epsilon_step': 0.01}",,552,0,-1,-89,0.0010037422180175781,[0],1.4556024648961436,0.04158864185417553
553,"Qlearntab_LLM_{'alpha': 0.05, 'gamma': 0.95, 'epsilon': 0.2, 'epsilon_step': 0.01}",,553,99,1,-88,0.09090256690979004,"[1, 0, 0, 2, 2, 2, 2, 2, 3, 2, 2, 3, 2, 3, 2, 2, 2, 3, 2, 3, 2, 2, 2, 3, 2, 3, 0, 3, 2, 3, 2, 2, 3, 3, 2, 2, 2, 3, 2, 2, 3, 2, 3, 2, 2, 2, 3, 2, 3, 2, 2, 2, 3, 3, 2, 3, 2, 2, 3, 2, 2, 2, 2, 3, 2, 3, 2, 3, 2, 2, 3, 2, 2, 2, 3, 2, 2, 3, 2, 3, 2, 3, 2, 3, 2, 2, 3, 2, 3, 2, 3, 2, 3, 2, 3, 2, 2, 3, 0, 3]",1.4844928401746924,0.04241408114784836
554,"Qlearntab_LLM_{'alpha': 0.05, 'gamma': 0.95, 'epsilon': 0.2, 'epsilon_step': 0.01}",,554,99,1,-87,0.09081435203552246,"[0, 0, 0, 2, 2, 3, 2, 3, 2, 2, 3, 2, 3, 3, 2, 2, 2, 2, 2, 2, 2, 3, 3, 2, 3, 2, 3, 2, 2, 3, 2, 3, 2, 3, 2, 2, 2, 3, 3, 2, 2, 2, 2, 3, 2, 2, 3, 2, 2, 2, 2, 2, 3, 2, 3, 2, 3, 0, 3, 2, 3, 2, 3, 2, 2, 2, 3, 2, 2, 2, 2, 2, 3, 0, 3, 2, 3, 2, 2, 3, 2, 3, 2, 3, 2, 3, 2, 2, 2, 3, 2, 3, 2, 3, 2, 3, 2, 2, 2, 3]",1.506919251192766,0.043054835748364745
555,"Qlearntab_LLM_{'alpha': 0.05, 'gamma': 0.95, 'epsilon': 0.2, 'epsilon_step': 0.01}",,555,99,1,-86,0.09090423583984375,"[0, 0, 0, 2, 2, 2, 3, 2, 2, 2, 3, 0, 3, 2, 3, 2, 3, 2, 3, 2, 3, 2, 3, 2, 3, 2, 3, 2, 2, 3, 2, 3, 2, 2, 2, 3, 2, 2, 2, 3, 3, 2, 3, 2, 3, 2, 2, 2, 2, 3, 2, 2, 3, 2, 2, 2, 3, 2, 3, 2, 2, 2, 2, 2, 3, 2, 3, 2, 3, 2, 3, 2, 2, 2, 2, 2, 3, 2, 2, 3, 2, 3, 2, 3, 2, 3, 2, 2, 3, 2, 2, 2, 3, 2, 2, 3, 2, 2, 3, 2]",1.5286099177713208,0.043674569079180596
556,"Qlearntab_LLM_{'alpha': 0.05, 'gamma': 0.95, 'epsilon': 0.2, 'epsilon_step': 0.01}",,556,2,-1,-87,0.0029997825622558594,"[1, 3, 2]",1.506950877891011,0.043055739368314604
557,"Qlearntab_LLM_{'alpha': 0.05, 'gamma': 0.95, 'epsilon': 0.2, 'epsilon_step': 0.01}",,557,0,-1,-88,0.0010004043579101562,[3],1.4745990496712986,0.04213140141917996
558,"Qlearntab_LLM_{'alpha': 0.05, 'gamma': 0.95, 'epsilon': 0.2, 'epsilon_step': 0.01}",,558,99,1,-87,0.08974266052246094,"[1, 0, 3, 3, 3, 2, 0, 0, 0, 0, 2, 2, 2, 2, 2, 2, 2, 3, 2, 3, 2, 2, 3, 2, 3, 2, 2, 2, 3, 2, 3, 3, 2, 3, 2, 3, 2, 3, 2, 3, 2, 2, 2, 2, 2, 3, 2, 2, 2, 3, 2, 2, 3, 2, 3, 3, 2, 2, 2, 2, 3, 2, 3, 2, 3, 2, 3, 2, 2, 3, 2, 3, 2, 3, 0, 3, 2, 2, 2, 3, 2, 2, 2, 3, 2, 3, 2, 3, 2, 3, 2, 3, 2, 2, 2, 3, 2, 3, 2, 2]",1.5289365737261515,0.043683902106461475
559,"Qlearntab_LLM_{'alpha': 0.05, 'gamma': 0.95, 'epsilon': 0.2, 'epsilon_step': 0.01}",,559,0,-1,-88,0.0009999275207519531,[0],1.493519350612899,0.04267198144608283
560,"Qlearntab_LLM_{'alpha': 0.05, 'gamma': 0.95, 'epsilon': 0.2, 'epsilon_step': 0.01}",,560,1,-1,-89,0.001119375228881836,"[3, 2]",1.4698458258101763,0.0419955950231479
561,"Qlearntab_LLM_{'alpha': 0.05, 'gamma': 0.95, 'epsilon': 0.2, 'epsilon_step': 0.01}",,561,0,-1,-90,0.0010006427764892578,[2],1.4440387804356196,0.04125825086958913
562,"Qlearntab_LLM_{'alpha': 0.05, 'gamma': 0.95, 'epsilon': 0.2, 'epsilon_step': 0.01}",,562,1,-1,-91,0.001999378204345703,"[3, 1]",1.4132740091555627,0.040379257404444646
563,"Qlearntab_LLM_{'alpha': 0.05, 'gamma': 0.95, 'epsilon': 0.2, 'epsilon_step': 0.01}",,563,2,-1,-92,0.0029997825622558594,"[2, 0, 2]",1.3990249811680415,0.0399721423190869
564,"Qlearntab_LLM_{'alpha': 0.05, 'gamma': 0.95, 'epsilon': 0.2, 'epsilon_step': 0.01}",,564,1,-1,-93,0.0019998550415039062,"[3, 2]",1.3780379745907014,0.039372513559734326
565,"Qlearntab_LLM_{'alpha': 0.05, 'gamma': 0.95, 'epsilon': 0.2, 'epsilon_step': 0.01}",,565,1,-1,-94,0.003117799758911133,"[3, 2]",1.3581003183422284,0.03880286623834939
566,"Qlearntab_LLM_{'alpha': 0.05, 'gamma': 0.95, 'epsilon': 0.2, 'epsilon_step': 0.01}",,566,99,1,-93,0.09103059768676758,"[0, 1, 3, 3, 0, 0, 2, 0, 2, 2, 3, 2, 3, 2, 2, 3, 2, 3, 2, 3, 2, 3, 2, 2, 2, 3, 2, 2, 2, 2, 2, 2, 2, 2, 3, 2, 3, 2, 2, 3, 2, 3, 2, 2, 2, 2, 3, 2, 3, 2, 2, 3, 2, 2, 2, 2, 2, 3, 2, 2, 2, 3, 3, 2, 3, 2, 2, 2, 2, 3, 2, 3, 2, 3, 2, 2, 2, 2, 3, 3, 2, 2, 3, 2, 3, 2, 3, 3, 2, 3, 2, 2, 2, 0, 2, 2, 2, 3, 2, 3]",1.388712213094909,0.039677491802711684
567,"Qlearntab_LLM_{'alpha': 0.05, 'gamma': 0.95, 'epsilon': 0.2, 'epsilon_step': 0.01}",,567,99,1,-92,0.08861136436462402,"[3, 0, 1, 1, 0, 0, 0, 2, 2, 2, 2, 3, 2, 3, 2, 3, 2, 3, 2, 2, 0, 2, 2, 3, 2, 2, 3, 2, 3, 2, 3, 2, 2, 2, 3, 2, 2, 3, 3, 2, 2, 3, 2, 2, 2, 0, 0, 0, 0, 0, 0, 2, 2, 2, 2, 3, 2, 3, 2, 3, 2, 2, 2, 3, 2, 2, 2, 3, 2, 3, 2, 3, 2, 3, 3, 2, 3, 2, 3, 3, 2, 2, 3, 2, 3, 2, 3, 3, 2, 3, 2, 2, 2, 3, 2, 3, 2, 3, 2, 2]",1.417168848179887,0.04049053851942534
568,"Qlearntab_LLM_{'alpha': 0.05, 'gamma': 0.95, 'epsilon': 0.2, 'epsilon_step': 0.01}",,568,99,1,-91,0.0918264389038086,"[3, 0, 0, 0, 0, 0, 2, 2, 2, 2, 2, 2, 3, 2, 2, 3, 2, 2, 3, 2, 3, 1, 2, 3, 0, 3, 2, 3, 2, 3, 2, 2, 3, 2, 3, 2, 2, 2, 2, 3, 2, 3, 2, 3, 2, 3, 2, 3, 2, 2, 2, 2, 2, 3, 2, 3, 2, 3, 2, 3, 2, 3, 2, 3, 2, 3, 2, 2, 2, 3, 2, 3, 2, 3, 3, 2, 3, 2, 3, 2, 3, 2, 3, 3, 2, 1, 0, 3, 2, 3, 2, 3, 2, 3, 2, 3, 2, 3, 2, 3]",1.4511241244970523,0.04146068927134435
569,"Qlearntab_LLM_{'alpha': 0.05, 'gamma': 0.95, 'epsilon': 0.2, 'epsilon_step': 0.01}",,569,99,1,-90,0.09181356430053711,"[0, 1, 0, 1, 0, 0, 2, 0, 0, 0, 0, 3, 0, 0, 0, 0, 1, 1, 1, 0, 0, 0, 0, 0, 2, 1, 0, 0, 0, 0, 0, 2, 2, 3, 2, 2, 2, 3, 2, 2, 2, 3, 2, 3, 2, 3, 2, 3, 2, 3, 3, 2, 2, 3, 2, 3, 2, 2, 3, 0, 3, 2, 2, 3, 0, 3, 2, 2, 2, 2, 3, 2, 3, 2, 2, 2, 2, 3, 2, 3, 2, 3, 2, 3, 2, 3, 2, 3, 2, 2, 2, 3, 2, 2, 2, 2, 3, 3, 2, 3]",1.5334958894419042,0.043814168269768694
570,"Qlearntab_LLM_{'alpha': 0.05, 'gamma': 0.95, 'epsilon': 0.2, 'epsilon_step': 0.01}",,570,1,-1,-91,0.002000093460083008,"[3, 0]",1.4991071999298375,0.042831634283709646
571,"Qlearntab_LLM_{'alpha': 0.05, 'gamma': 0.95, 'epsilon': 0.2, 'epsilon_step': 0.01}",,571,3,-1,-92,0.004068136215209961,"[1, 0, 2, 2]",1.4905983413629034,0.0425885240389401
572,"Qlearntab_LLM_{'alpha': 0.05, 'gamma': 0.95, 'epsilon': 0.2, 'epsilon_step': 0.01}",,572,1,-1,-93,0.002001047134399414,"[3, 3]",1.4561335467122083,0.04160381562034881
573,"Qlearntab_LLM_{'alpha': 0.05, 'gamma': 0.95, 'epsilon': 0.2, 'epsilon_step': 0.01}",,573,99,1,-92,0.09471774101257324,"[1, 0, 0, 2, 2, 2, 3, 2, 3, 2, 3, 2, 3, 3, 2, 3, 2, 3, 2, 2, 3, 2, 3, 2, 2, 2, 3, 2, 3, 2, 3, 2, 3, 2, 2, 2, 2, 2, 3, 2, 3, 2, 2, 2, 3, 2, 2, 2, 3, 2, 2, 2, 2, 3, 2, 3, 2, 3, 3, 2, 2, 2, 3, 2, 2, 3, 2, 2, 2, 3, 2, 2, 3, 2, 3, 2, 2, 2, 2, 2, 3, 2, 3, 2, 3, 2, 3, 3, 2, 3, 2, 3, 2, 2, 3, 2, 2, 3, 2, 3]",1.4761347553692423,0.042175278724835494
574,"Qlearntab_LLM_{'alpha': 0.05, 'gamma': 0.95, 'epsilon': 0.2, 'epsilon_step': 0.01}",,574,99,1,-91,0.09193730354309082,"[1, 3, 0, 0, 0, 0, 0, 0, 0, 2, 2, 2, 2, 3, 2, 2, 2, 2, 2, 2, 2, 2, 3, 2, 3, 2, 2, 3, 2, 2, 2, 2, 2, 2, 3, 2, 3, 2, 3, 2, 3, 2, 3, 2, 3, 2, 3, 2, 2, 2, 2, 2, 2, 2, 2, 3, 2, 2, 2, 2, 3, 2, 2, 3, 2, 3, 2, 3, 2, 3, 2, 2, 2, 3, 2, 2, 0, 0, 2, 2, 3, 2, 2, 2, 3, 2, 3, 2, 3, 2, 2, 3, 2, 3, 2, 2, 2, 2, 2, 2]",1.5009674997112084,0.042884785706034524
575,"Qlearntab_LLM_{'alpha': 0.05, 'gamma': 0.95, 'epsilon': 0.2, 'epsilon_step': 0.01}",,575,99,1,-90,0.08879971504211426,"[0, 0, 0, 0, 0, 2, 2, 3, 2, 3, 3, 2, 3, 2, 2, 3, 2, 3, 2, 2, 3, 2, 3, 2, 2, 2, 2, 2, 3, 2, 3, 2, 3, 2, 2, 3, 2, 2, 2, 2, 2, 2, 3, 2, 3, 2, 2, 3, 2, 2, 3, 2, 2, 3, 3, 3, 2, 3, 2, 3, 2, 3, 2, 3, 2, 2, 2, 2, 2, 2, 3, 2, 3, 2, 3, 2, 2, 3, 2, 3, 3, 2, 2, 2, 2, 3, 2, 2, 2, 2, 2, 2, 2, 3, 2, 3, 2, 3, 2, 2]",1.5232483137301256,0.043521380392289304
576,"Qlearntab_LLM_{'alpha': 0.05, 'gamma': 0.95, 'epsilon': 0.2, 'epsilon_step': 0.01}",,576,0,-1,-91,0.0011138916015625,[0],1.4867831323390175,0.04247951806682907
577,"Qlearntab_LLM_{'alpha': 0.05, 'gamma': 0.95, 'epsilon': 0.2, 'epsilon_step': 0.01}",,577,0,-1,-92,0.001001119613647461,[2],1.4643984670739298,0.04183995620211228
578,"Qlearntab_LLM_{'alpha': 0.05, 'gamma': 0.95, 'epsilon': 0.2, 'epsilon_step': 0.01}",,578,99,1,-91,0.08985590934753418,"[0, 0, 0, 0, 2, 2, 2, 2, 2, 3, 3, 2, 3, 2, 2, 2, 2, 2, 2, 2, 2, 3, 2, 2, 2, 2, 3, 2, 3, 3, 2, 3, 2, 3, 2, 3, 2, 2, 2, 2, 2, 3, 2, 2, 2, 3, 2, 2, 2, 3, 2, 2, 3, 3, 2, 3, 2, 2, 3, 2, 3, 2, 3, 2, 3, 2, 3, 3, 2, 3, 2, 2, 2, 2, 2, 2, 2, 3, 2, 3, 2, 2, 3, 2, 2, 2, 3, 2, 3, 2, 2, 0, 0, 2, 2, 3, 2, 3, 2, 3]",1.4862082239238834,0.04246309211211095
579,"Qlearntab_LLM_{'alpha': 0.05, 'gamma': 0.95, 'epsilon': 0.2, 'epsilon_step': 0.01}",,579,0,-1,-92,0.0010001659393310547,[2],1.46494279192205,0.041855508340629996
580,"Qlearntab_LLM_{'alpha': 0.05, 'gamma': 0.95, 'epsilon': 0.2, 'epsilon_step': 0.01}",,580,1,-1,-93,0.002000093460083008,"[3, 0]",1.4313509126354242,0.04089574036101212
581,"Qlearntab_LLM_{'alpha': 0.05, 'gamma': 0.95, 'epsilon': 0.2, 'epsilon_step': 0.01}",,581,0,-1,-94,0.0010004043579101562,[2],1.4111487522336825,0.040318535778105215
582,"Qlearntab_LLM_{'alpha': 0.05, 'gamma': 0.95, 'epsilon': 0.2, 'epsilon_step': 0.01}",,582,0,-1,-95,0.0009992122650146484,[2],1.3919566998520279,0.039770191424343654
583,"Qlearntab_LLM_{'alpha': 0.05, 'gamma': 0.95, 'epsilon': 0.2, 'epsilon_step': 0.01}",,583,99,1,-94,0.08872771263122559,"[3, 0, 0, 0, 0, 2, 2, 2, 2, 2, 2, 2, 2, 3, 2, 2, 2, 3, 2, 3, 2, 3, 2, 2, 2, 3, 2, 3, 2, 3, 2, 2, 2, 2, 2, 2, 3, 3, 2, 2, 2, 2, 3, 3, 2, 3, 2, 2, 2, 3, 2, 3, 2, 3, 0, 3, 2, 3, 2, 2, 2, 3, 2, 3, 2, 3, 2, 3, 3, 2, 2, 3, 2, 3, 2, 3, 2, 2, 0, 0, 0, 2, 2, 2, 3, 2, 3, 2, 3, 2, 3, 2, 2, 3, 2, 3, 2, 3, 2, 3]",1.4143565164945529,0.04041018618555865
584,"Qlearntab_LLM_{'alpha': 0.05, 'gamma': 0.95, 'epsilon': 0.2, 'epsilon_step': 0.01}",,584,0,-1,-95,0.002003192901611328,[1],1.3788216417549948,0.03939490405014271
585,"Qlearntab_LLM_{'alpha': 0.05, 'gamma': 0.95, 'epsilon': 0.2, 'epsilon_step': 0.01}",,585,3,-1,-96,0.004048824310302734,"[0, 1, 1, 2]",1.3674170343033376,0.039069058122952506
586,"Qlearntab_LLM_{'alpha': 0.05, 'gamma': 0.95, 'epsilon': 0.2, 'epsilon_step': 0.01}",,586,5,-1,-97,0.0049991607666015625,"[1, 1, 0, 0, 1, 1]",1.3394051245388148,0.038268717843966134
587,"Qlearntab_LLM_{'alpha': 0.05, 'gamma': 0.95, 'epsilon': 0.2, 'epsilon_step': 0.01}",,587,99,1,-96,0.08986210823059082,"[2, 0, 1, 0, 0, 0, 2, 2, 2, 3, 2, 3, 2, 2, 3, 2, 2, 3, 2, 3, 2, 3, 2, 3, 2, 3, 2, 3, 2, 3, 2, 2, 0, 3, 3, 2, 3, 2, 3, 2, 3, 0, 0, 0, 3, 2, 3, 2, 2, 3, 2, 3, 2, 2, 3, 2, 3, 2, 3, 2, 3, 2, 3, 3, 2, 3, 3, 2, 2, 2, 2, 2, 2, 3, 2, 3, 2, 3, 2, 2, 2, 2, 2, 2, 2, 2, 2, 2, 3, 2, 3, 0, 3, 2, 2, 3, 2, 2, 3, 2]",1.3862560972461302,0.03960731706417515
588,"Qlearntab_LLM_{'alpha': 0.05, 'gamma': 0.95, 'epsilon': 0.2, 'epsilon_step': 0.01}",,588,99,1,-95,0.08964419364929199,"[3, 1, 0, 0, 2, 2, 3, 2, 3, 2, 3, 2, 3, 2, 2, 2, 2, 2, 2, 2, 2, 2, 2, 2, 2, 2, 3, 0, 3, 2, 3, 2, 2, 2, 2, 3, 2, 3, 2, 3, 2, 3, 2, 3, 2, 2, 3, 2, 3, 2, 2, 2, 3, 2, 3, 2, 3, 0, 3, 2, 3, 2, 2, 2, 2, 2, 3, 2, 2, 2, 2, 2, 3, 2, 3, 2, 2, 3, 2, 3, 2, 2, 3, 2, 3, 2, 2, 2, 2, 2, 3, 2, 3, 2, 3, 2, 3, 2, 3, 2]",1.4091597282932469,0.0402617065226642
589,"Qlearntab_LLM_{'alpha': 0.05, 'gamma': 0.95, 'epsilon': 0.2, 'epsilon_step': 0.01}",,589,0,-1,-96,0.0010001659393310547,[2],1.390099294437277,0.039717122698207916
590,"Qlearntab_LLM_{'alpha': 0.05, 'gamma': 0.95, 'epsilon': 0.2, 'epsilon_step': 0.01}",,590,1,-1,-97,0.0009992122650146484,"[3, 3]",1.3554323942604456,0.03872663983601273
591,"Qlearntab_LLM_{'alpha': 0.05, 'gamma': 0.95, 'epsilon': 0.2, 'epsilon_step': 0.01}",,591,99,1,-96,0.08865475654602051,"[0, 0, 0, 0, 0, 2, 2, 3, 0, 3, 2, 2, 3, 2, 3, 2, 2, 2, 3, 2, 3, 3, 2, 3, 2, 3, 2, 3, 2, 2, 3, 2, 3, 2, 3, 2, 3, 2, 3, 2, 2, 3, 2, 3, 2, 3, 2, 2, 3, 2, 3, 2, 3, 2, 3, 2, 2, 2, 2, 2, 3, 2, 3, 2, 2, 3, 2, 3, 2, 3, 2, 2, 3, 2, 2, 2, 2, 3, 2, 2, 3, 2, 3, 2, 2, 2, 2, 3, 2, 3, 2, 2, 3, 2, 3, 2, 2, 3, 2, 3]",1.3766787566613838,0.039333678761753824
592,"Qlearntab_LLM_{'alpha': 0.05, 'gamma': 0.95, 'epsilon': 0.2, 'epsilon_step': 0.01}",,592,2,-1,-97,0.003050088882446289,"[0, 3, 0]",1.3444838212147208,0.038413823463277735
593,"Qlearntab_LLM_{'alpha': 0.05, 'gamma': 0.95, 'epsilon': 0.2, 'epsilon_step': 0.01}",,593,99,1,-96,0.0896608829498291,"[0, 0, 0, 0, 0, 0, 2, 0, 0, 2, 2, 3, 2, 3, 2, 3, 2, 3, 2, 3, 2, 3, 2, 3, 2, 2, 3, 2, 3, 2, 3, 2, 2, 3, 2, 3, 2, 3, 3, 2, 3, 2, 3, 3, 2, 2, 2, 2, 2, 3, 2, 3, 2, 3, 2, 3, 2, 3, 2, 2, 2, 3, 2, 2, 2, 3, 2, 3, 2, 2, 3, 2, 2, 3, 2, 3, 2, 3, 2, 3, 2, 3, 2, 2, 2, 2, 2, 2, 3, 2, 2, 3, 2, 3, 0, 3, 2, 3, 2, 2]",1.3699439509943476,0.03914125574269565
594,"Qlearntab_LLM_{'alpha': 0.05, 'gamma': 0.95, 'epsilon': 0.2, 'epsilon_step': 0.01}",,594,99,1,-95,0.0887155532836914,"[1, 0, 0, 2, 2, 2, 3, 2, 2, 3, 2, 3, 2, 3, 2, 3, 2, 3, 2, 3, 2, 2, 3, 0, 3, 2, 2, 2, 3, 2, 3, 2, 3, 2, 3, 2, 3, 2, 2, 2, 3, 2, 2, 3, 2, 3, 2, 2, 2, 3, 2, 2, 3, 2, 2, 2, 3, 2, 3, 2, 2, 3, 2, 3, 2, 3, 2, 3, 2, 3, 2, 3, 2, 2, 2, 3, 3, 2, 2, 2, 3, 2, 3, 2, 3, 2, 3, 0, 3, 2, 3, 3, 2, 3, 2, 2, 2, 2, 3, 2]",1.3906230399128006,0.03973208685465145
595,"Qlearntab_LLM_{'alpha': 0.05, 'gamma': 0.95, 'epsilon': 0.2, 'epsilon_step': 0.01}",,595,0,-1,-96,0.0010938644409179688,[1],1.3546361818942765,0.03870389091126504
596,"Qlearntab_LLM_{'alpha': 0.05, 'gamma': 0.95, 'epsilon': 0.2, 'epsilon_step': 0.01}",,596,1,-1,-97,0.003002166748046875,"[3, 2]",1.338446969734596,0.03824134199241703
597,"Qlearntab_LLM_{'alpha': 0.05, 'gamma': 0.95, 'epsilon': 0.2, 'epsilon_step': 0.01}",,597,2,-1,-98,0.003000020980834961,"[0, 2, 2]",1.3395914719813968,0.038274042056611335
598,"Qlearntab_LLM_{'alpha': 0.05, 'gamma': 0.95, 'epsilon': 0.2, 'epsilon_step': 0.01}",,598,0,-1,-99,0.0009999275207519531,[1],1.305403956863799,0.037297255910394254
599,"Qlearntab_LLM_{'alpha': 0.05, 'gamma': 0.95, 'epsilon': 0.2, 'epsilon_step': 0.01}",,599,99,1,-98,0.08774590492248535,"[0, 0, 0, 0, 0, 2, 2, 2, 2, 3, 2, 3, 3, 2, 2, 2, 3, 2, 2, 2, 2, 3, 2, 2, 2, 2, 2, 3, 2, 3, 2, 3, 2, 2, 3, 2, 3, 2, 2, 3, 2, 3, 2, 2, 3, 2, 3, 2, 2, 2, 2, 0, 0, 0, 2, 2, 3, 2, 3, 2, 2, 3, 3, 2, 2, 2, 3, 2, 3, 2, 2, 2, 3, 2, 3, 2, 2, 2, 2, 3, 2, 2, 2, 2, 2, 2, 2, 3, 2, 2, 2, 2, 3, 2, 2, 2, 3, 2, 3, 2]",1.327629536796199,0.0379322724798914
600,"Qlearntab_LLM_{'alpha': 0.05, 'gamma': 0.95, 'epsilon': 0.2, 'epsilon_step': 0.01}",,600,99,1,-97,0.08960604667663574,"[0, 0, 0, 0, 0, 2, 2, 2, 3, 2, 3, 2, 2, 2, 2, 3, 3, 0, 3, 2, 0, 3, 2, 2, 2, 2, 2, 2, 2, 3, 2, 2, 3, 2, 3, 2, 3, 2, 2, 3, 2, 3, 2, 3, 2, 3, 3, 2, 2, 3, 2, 3, 3, 2, 2, 2, 2, 2, 2, 2, 3, 2, 2, 3, 2, 2, 2, 2, 2, 0, 0, 2, 2, 3, 2, 2, 2, 2, 3, 2, 3, 2, 3, 2, 2, 3, 2, 2, 3, 2, 3, 2, 3, 3, 2, 2, 2, 3, 2, 3]",1.352094004821434,0.038631257280612404
601,"Qlearntab_LLM_{'alpha': 0.05, 'gamma': 0.95, 'epsilon': 0.2, 'epsilon_step': 0.01}",,601,99,1,-96,0.09055519104003906,"[3, 0, 0, 0, 0, 0, 2, 2, 3, 2, 2, 3, 2, 3, 2, 3, 2, 3, 2, 3, 2, 2, 2, 2, 3, 2, 3, 2, 3, 2, 2, 0, 2, 2, 2, 3, 2, 2, 3, 2, 3, 3, 2, 2, 3, 2, 3, 2, 2, 2, 3, 2, 3, 2, 2, 2, 2, 2, 3, 2, 3, 2, 3, 2, 3, 2, 3, 0, 3, 2, 2, 3, 2, 3, 2, 3, 2, 2, 2, 3, 2, 2, 2, 2, 2, 2, 3, 2, 3, 0, 3, 2, 2, 0, 0, 0, 0, 0, 2, 3]",1.3776332440618044,0.03936094983033727
602,"Qlearntab_LLM_{'alpha': 0.05, 'gamma': 0.95, 'epsilon': 0.2, 'epsilon_step': 0.01}",,602,0,-1,-97,0.0009999275207519531,[1],1.3451551047000865,0.03843300299143104
603,"Qlearntab_LLM_{'alpha': 0.05, 'gamma': 0.95, 'epsilon': 0.2, 'epsilon_step': 0.01}",,603,0,-1,-98,0.0010001659393310547,[2],1.3269234220368782,0.03791209777248224
604,"Qlearntab_LLM_{'alpha': 0.05, 'gamma': 0.95, 'epsilon': 0.2, 'epsilon_step': 0.01}",,604,0,-1,-99,0.0009999275207519531,[2],1.3096033235068303,0.037417237814480864
605,"Qlearntab_LLM_{'alpha': 0.05, 'gamma': 0.95, 'epsilon': 0.2, 'epsilon_step': 0.01}",,605,2,-1,-100,0.0030639171600341797,"[0, 3, 1]",1.2818842165381488,0.036625263329661394
606,"Qlearntab_LLM_{'alpha': 0.05, 'gamma': 0.95, 'epsilon': 0.2, 'epsilon_step': 0.01}",,606,3,-1,-101,0.003000020980834961,"[0, 1, 0, 1]",1.2562387481509376,0.03589253566145536
607,"Qlearntab_LLM_{'alpha': 0.05, 'gamma': 0.95, 'epsilon': 0.2, 'epsilon_step': 0.01}",,607,99,1,-100,0.08857965469360352,"[0, 0, 0, 0, 0, 2, 2, 3, 2, 3, 2, 3, 2, 3, 2, 3, 2, 2, 2, 2, 2, 3, 2, 2, 3, 2, 3, 2, 3, 2, 3, 2, 2, 3, 3, 2, 3, 2, 3, 2, 3, 2, 2, 3, 2, 2, 2, 2, 2, 2, 3, 3, 2, 2, 3, 2, 3, 2, 2, 2, 3, 2, 3, 2, 3, 2, 2, 2, 3, 2, 2, 2, 3, 2, 2, 2, 3, 2, 2, 3, 2, 3, 2, 3, 2, 2, 3, 3, 2, 2, 2, 3, 0, 3, 2, 3, 2, 3, 2, 2]",1.2760995398128665,0.03645998685179619
608,"Qlearntab_LLM_{'alpha': 0.05, 'gamma': 0.95, 'epsilon': 0.2, 'epsilon_step': 0.01}",,608,99,1,-99,0.09260320663452148,"[0, 1, 0, 0, 2, 2, 1, 0, 0, 0, 2, 2, 3, 2, 3, 3, 2, 3, 0, 3, 2, 3, 2, 3, 2, 3, 2, 2, 3, 2, 2, 2, 2, 2, 2, 2, 3, 2, 2, 2, 3, 2, 3, 2, 3, 2, 3, 2, 3, 2, 2, 2, 2, 3, 2, 3, 2, 3, 2, 3, 2, 3, 2, 2, 3, 2, 3, 0, 3, 2, 2, 3, 2, 3, 2, 3, 2, 2, 2, 3, 0, 3, 2, 2, 3, 2, 2, 3, 2, 3, 2, 2, 0, 0, 0, 0, 0, 0, 0, 0]",1.2929369157176553,0.03694105473479015
609,"Qlearntab_LLM_{'alpha': 0.05, 'gamma': 0.95, 'epsilon': 0.2, 'epsilon_step': 0.01}",,609,0,-1,-100,0.0009999275207519531,[2],1.27648282211411,0.03647093777468886
610,"Qlearntab_LLM_{'alpha': 0.05, 'gamma': 0.95, 'epsilon': 0.2, 'epsilon_step': 0.01}",,610,2,-1,-101,0.0020003318786621094,"[3, 0, 1]",1.2468014534029095,0.035622898668654555
611,"Qlearntab_LLM_{'alpha': 0.05, 'gamma': 0.95, 'epsilon': 0.2, 'epsilon_step': 0.01}",,611,0,-1,-102,0.0010004043579101562,[3],1.2108152059302344,0.03459472016943527
612,"Qlearntab_LLM_{'alpha': 0.05, 'gamma': 0.95, 'epsilon': 0.2, 'epsilon_step': 0.01}",,612,99,1,-101,0.08950424194335938,"[1, 1, 0, 0, 0, 0, 2, 2, 3, 2, 3, 2, 2, 2, 2, 2, 3, 0, 3, 2, 3, 0, 2, 3, 2, 2, 3, 2, 3, 2, 3, 2, 3, 0, 3, 2, 2, 3, 2, 2, 3, 2, 3, 2, 2, 2, 2, 3, 2, 2, 2, 3, 2, 3, 2, 2, 2, 2, 2, 2, 3, 2, 3, 2, 3, 2, 3, 2, 2, 2, 3, 2, 3, 2, 2, 2, 3, 2, 2, 2, 2, 2, 3, 2, 2, 2, 2, 3, 2, 2, 2, 2, 3, 2, 3, 2, 3, 2, 3, 2]",1.2471318617152076,0.03563233890614879
613,"Qlearntab_LLM_{'alpha': 0.05, 'gamma': 0.95, 'epsilon': 0.2, 'epsilon_step': 0.01}",,613,0,-1,-102,0.0011034011840820312,[3],1.2129449266161663,0.034655569331890464
614,"Qlearntab_LLM_{'alpha': 0.05, 'gamma': 0.95, 'epsilon': 0.2, 'epsilon_step': 0.01}",,614,0,-1,-103,0.0010013580322265625,[2],1.1973135376927981,0.03420895821979423
615,"Qlearntab_LLM_{'alpha': 0.05, 'gamma': 0.95, 'epsilon': 0.2, 'epsilon_step': 0.01}",,615,99,1,-102,0.08983087539672852,"[2, 0, 0, 0, 0, 2, 2, 2, 2, 2, 2, 2, 2, 3, 2, 3, 2, 3, 2, 3, 2, 2, 3, 2, 3, 2, 3, 2, 3, 2, 3, 0, 3, 2, 3, 2, 2, 2, 2, 3, 2, 2, 3, 2, 2, 3, 0, 3, 2, 3, 2, 3, 2, 3, 2, 3, 2, 3, 2, 2, 2, 3, 2, 3, 2, 3, 2, 2, 2, 3, 0, 3, 2, 3, 2, 2, 2, 2, 3, 3, 2, 3, 2, 3, 2, 3, 2, 3, 2, 3, 2, 3, 2, 2, 2, 3, 2, 2, 2, 3]",1.2403333907857759,0.035438096879593595
616,"Qlearntab_LLM_{'alpha': 0.05, 'gamma': 0.95, 'epsilon': 0.2, 'epsilon_step': 0.01}",,616,1,-1,-103,0.0019986629486083984,"[0, 3]",1.2083964629034005,0.03452561322581144
617,"Qlearntab_LLM_{'alpha': 0.05, 'gamma': 0.95, 'epsilon': 0.2, 'epsilon_step': 0.01}",,617,0,-1,-104,0.0010006427764892578,[0],1.1691826391145914,0.0334052182604169
618,"Qlearntab_LLM_{'alpha': 0.05, 'gamma': 0.95, 'epsilon': 0.2, 'epsilon_step': 0.01}",,618,9,1,-103,0.00908517837524414,"[0, 0, 0, 0, 0, 0, 0, 0, 1, 1]",1.235481951776113,0.03529948433646037
619,"Qlearntab_LLM_{'alpha': 0.05, 'gamma': 0.95, 'epsilon': 0.2, 'epsilon_step': 0.01}",,619,0,-1,-104,0.0010008811950683594,[2],1.2194228616600564,0.03484065319028733
620,"Qlearntab_LLM_{'alpha': 0.05, 'gamma': 0.95, 'epsilon': 0.2, 'epsilon_step': 0.01}",,620,28,2,-102,0.027246475219726562,"[3, 2, 0, 0, 0, 2, 2, 3, 2, 3, 2, 2, 2, 0, 2, 2, 2, 2, 0, 0, 2, 2, 0, 2, 2, 2, 3, 0, 1]",1.3471085378596042,0.03848881536741726
621,"Qlearntab_LLM_{'alpha': 0.05, 'gamma': 0.95, 'epsilon': 0.2, 'epsilon_step': 0.01}",,621,99,1,-101,0.08876156806945801,"[0, 0, 0, 0, 0, 0, 0, 2, 2, 2, 2, 2, 2, 3, 2, 3, 2, 2, 2, 3, 2, 2, 2, 3, 2, 3, 2, 2, 2, 3, 2, 3, 2, 2, 2, 3, 2, 3, 2, 3, 2, 3, 2, 2, 2, 2, 2, 3, 2, 3, 2, 3, 2, 3, 2, 2, 2, 2, 3, 2, 3, 3, 2, 3, 2, 2, 2, 3, 2, 2, 2, 2, 2, 2, 3, 2, 2, 3, 2, 3, 2, 3, 2, 3, 2, 2, 2, 3, 2, 2, 2, 2, 2, 2, 2, 3, 2, 2, 2, 2]",1.3729350568747254,0.03922671591070644
622,"Qlearntab_LLM_{'alpha': 0.05, 'gamma': 0.95, 'epsilon': 0.2, 'epsilon_step': 0.01}",,622,99,1,-100,0.08980178833007812,"[3, 3, 0, 0, 2, 2, 2, 2, 2, 3, 2, 2, 2, 2, 3, 2, 2, 2, 3, 2, 3, 2, 3, 2, 3, 2, 3, 2, 3, 2, 3, 2, 3, 2, 3, 2, 2, 2, 3, 2, 2, 2, 3, 2, 2, 2, 2, 0, 0, 2, 2, 3, 3, 2, 3, 2, 2, 3, 3, 2, 3, 2, 2, 2, 2, 3, 2, 2, 0, 0, 0, 0, 0, 0, 0, 1, 1, 0, 0, 0, 2, 0, 2, 2, 3, 2, 2, 2, 2, 2, 3, 2, 3, 3, 2, 2, 3, 2, 2, 2]",1.4203375959935813,0.04058107417124518
623,"Qlearntab_LLM_{'alpha': 0.05, 'gamma': 0.95, 'epsilon': 0.2, 'epsilon_step': 0.01}",,623,7,-1,-101,0.00800180435180664,"[0, 0, 2, 3, 3, 2, 3, 1]",1.454102235575899,0.0415457781593114
624,"Qlearntab_LLM_{'alpha': 0.05, 'gamma': 0.95, 'epsilon': 0.2, 'epsilon_step': 0.01}",,624,2,-1,-102,0.0030999183654785156,"[1, 3, 3]",1.4350060933192132,0.04100017409483466
625,"Qlearntab_LLM_{'alpha': 0.05, 'gamma': 0.95, 'epsilon': 0.2, 'epsilon_step': 0.01}",,625,99,1,-101,0.08880805969238281,"[2, 0, 0, 0, 2, 2, 2, 3, 2, 3, 2, 2, 2, 2, 3, 2, 3, 2, 2, 3, 2, 3, 2, 3, 2, 2, 3, 2, 3, 2, 3, 2, 3, 3, 2, 3, 2, 3, 2, 3, 2, 3, 2, 3, 2, 3, 2, 3, 2, 2, 1, 2, 3, 3, 2, 3, 2, 3, 2, 3, 2, 2, 2, 2, 3, 2, 3, 3, 3, 2, 2, 2, 3, 2, 3, 2, 2, 2, 3, 2, 3, 2, 3, 2, 2, 3, 2, 3, 2, 3, 2, 3, 2, 2, 2, 3, 2, 3, 2, 3]",1.4730264079468782,0.042086468798482234
626,"Qlearntab_LLM_{'alpha': 0.05, 'gamma': 0.95, 'epsilon': 0.2, 'epsilon_step': 0.01}",,626,0,-1,-102,0.0010018348693847656,[1],1.4411745445896138,0.04117641555970325
627,"Qlearntab_LLM_{'alpha': 0.05, 'gamma': 0.95, 'epsilon': 0.2, 'epsilon_step': 0.01}",,627,6,1,-101,0.006999492645263672,"[3, 1, 2, 3, 0, 1, 1]",1.5471677439730867,0.044204792684945336
628,"Qlearntab_LLM_{'alpha': 0.05, 'gamma': 0.95, 'epsilon': 0.2, 'epsilon_step': 0.01}",,628,5,-1,-102,0.008075475692749023,"[2, 1, 3, 2, 0, 3]",1.5637321908341657,0.04467806259526188
629,"Qlearntab_LLM_{'alpha': 0.05, 'gamma': 0.95, 'epsilon': 0.2, 'epsilon_step': 0.01}",,629,99,1,-101,0.09390687942504883,"[3, 0, 0, 2, 2, 3, 2, 2, 3, 2, 3, 2, 2, 2, 2, 3, 2, 2, 2, 2, 3, 3, 2, 2, 2, 2, 3, 2, 2, 3, 0, 3, 2, 3, 2, 2, 2, 2, 3, 2, 3, 2, 2, 2, 2, 2, 0, 2, 0, 2, 2, 3, 2, 3, 2, 3, 2, 2, 2, 2, 2, 3, 2, 2, 3, 2, 3, 2, 2, 2, 2, 3, 2, 2, 3, 2, 2, 2, 2, 2, 3, 2, 2, 3, 2, 3, 2, 3, 2, 2, 2, 2, 3, 2, 3, 0, 3, 2, 3, 3]",1.5864485794229748,0.04532710226922785
630,"Qlearntab_LLM_{'alpha': 0.05, 'gamma': 0.95, 'epsilon': 0.2, 'epsilon_step': 0.01}",,630,99,1,-100,0.09469485282897949,"[3, 2, 0, 0, 0, 0, 2, 2, 3, 2, 3, 2, 2, 2, 3, 2, 2, 3, 2, 2, 3, 2, 3, 2, 2, 2, 3, 2, 3, 3, 2, 2, 2, 3, 2, 2, 2, 0, 0, 2, 2, 3, 3, 2, 3, 2, 3, 2, 2, 2, 2, 2, 3, 2, 2, 2, 2, 2, 2, 2, 3, 2, 2, 3, 2, 3, 3, 2, 3, 2, 3, 2, 2, 3, 2, 3, 2, 3, 2, 3, 2, 2, 3, 2, 2, 3, 2, 3, 2, 3, 2, 3, 2, 2, 3, 2, 2, 3, 2, 2]",1.6262419511945998,0.04646405574841714
631,"Qlearntab_LLM_{'alpha': 0.05, 'gamma': 0.95, 'epsilon': 0.2, 'epsilon_step': 0.01}",,631,99,1,-99,0.0925757884979248,"[3, 0, 2, 1, 2, 2, 0, 0, 2, 2, 3, 2, 2, 0, 2, 2, 2, 3, 2, 3, 2, 3, 2, 3, 2, 2, 3, 2, 2, 3, 2, 3, 2, 3, 2, 3, 2, 2, 2, 3, 2, 3, 2, 3, 2, 3, 2, 3, 2, 3, 2, 3, 2, 3, 2, 3, 3, 2, 3, 2, 3, 2, 3, 3, 2, 3, 0, 3, 2, 3, 2, 2, 3, 2, 2, 3, 2, 3, 2, 3, 2, 3, 2, 3, 2, 2, 2, 2, 2, 2, 2, 2, 2, 3, 2, 3, 2, 3, 2, 3]",1.7045996000757704,0.04870284571645058
632,"Qlearntab_LLM_{'alpha': 0.05, 'gamma': 0.95, 'epsilon': 0.2, 'epsilon_step': 0.01}",,632,99,1,-98,0.09377098083496094,"[3, 3, 1, 3, 3, 0, 0, 0, 0, 0, 0, 2, 2, 2, 2, 2, 3, 2, 2, 3, 2, 3, 2, 2, 2, 2, 3, 2, 3, 0, 3, 2, 2, 2, 3, 2, 2, 2, 2, 2, 2, 2, 2, 2, 2, 3, 0, 3, 2, 3, 2, 3, 2, 2, 2, 2, 3, 2, 3, 3, 3, 2, 3, 2, 3, 2, 3, 2, 3, 2, 3, 2, 3, 3, 2, 2, 2, 0, 2, 2, 2, 2, 2, 3, 2, 3, 3, 2, 3, 2, 2, 2, 3, 2, 2, 3, 2, 2, 2, 2]",1.7573533484063402,0.05021009566875258
633,"Qlearntab_LLM_{'alpha': 0.05, 'gamma': 0.95, 'epsilon': 0.2, 'epsilon_step': 0.01}",,633,99,1,-97,0.08957719802856445,"[3, 1, 3, 0, 0, 2, 2, 3, 2, 2, 3, 2, 2, 2, 2, 3, 2, 2, 3, 2, 3, 2, 3, 2, 2, 2, 2, 2, 3, 2, 2, 3, 2, 3, 2, 2, 2, 3, 2, 2, 3, 2, 2, 2, 3, 2, 3, 2, 3, 2, 3, 2, 3, 2, 3, 2, 2, 2, 3, 2, 2, 3, 2, 2, 2, 3, 2, 3, 2, 2, 3, 2, 3, 2, 2, 2, 2, 3, 2, 3, 2, 3, 2, 3, 2, 2, 3, 2, 3, 2, 3, 2, 3, 2, 3, 2, 2, 2, 3, 2]",1.7918581077298128,0.05119594593513751
634,"Qlearntab_LLM_{'alpha': 0.05, 'gamma': 0.95, 'epsilon': 0.2, 'epsilon_step': 0.01}",,634,99,1,-96,0.09046435356140137,"[2, 3, 0, 0, 0, 0, 2, 2, 2, 3, 2, 3, 2, 3, 2, 2, 3, 2, 2, 2, 2, 3, 2, 3, 2, 2, 2, 3, 2, 3, 3, 2, 2, 3, 2, 3, 2, 3, 2, 2, 3, 2, 2, 2, 2, 3, 2, 2, 2, 3, 2, 3, 3, 2, 3, 2, 3, 2, 3, 2, 2, 3, 2, 3, 2, 3, 2, 3, 2, 2, 3, 2, 3, 3, 2, 2, 2, 3, 0, 3, 3, 2, 3, 2, 2, 2, 2, 3, 2, 2, 2, 3, 2, 2, 2, 2, 2, 2, 2, 3]",1.8256086066520891,0.052160245904345405
635,"Qlearntab_LLM_{'alpha': 0.05, 'gamma': 0.95, 'epsilon': 0.2, 'epsilon_step': 0.01}",,635,1,-1,-97,0.0030012130737304688,"[0, 2]",1.7972727070309849,0.05135064877231385
636,"Qlearntab_LLM_{'alpha': 0.05, 'gamma': 0.95, 'epsilon': 0.2, 'epsilon_step': 0.01}",,636,0,-1,-98,0.00099945068359375,[1],1.7646583974673624,0.050418811356210354
637,"Qlearntab_LLM_{'alpha': 0.05, 'gamma': 0.95, 'epsilon': 0.2, 'epsilon_step': 0.01}",,637,0,-1,-99,0.00099945068359375,[2],1.7373378378835778,0.049638223939530796
638,"Qlearntab_LLM_{'alpha': 0.05, 'gamma': 0.95, 'epsilon': 0.2, 'epsilon_step': 0.01}",,638,7,1,-98,0.007077455520629883,"[1, 0, 0, 0, 0, 0, 1, 1]",1.8049097380192973,0.05156884965769421
639,"Qlearntab_LLM_{'alpha': 0.05, 'gamma': 0.95, 'epsilon': 0.2, 'epsilon_step': 0.01}",,639,7,-1,-99,0.008067131042480469,"[2, 3, 3, 3, 1, 0, 3, 0]",1.8063218214589323,0.051609194898826635
640,"Qlearntab_LLM_{'alpha': 0.05, 'gamma': 0.95, 'epsilon': 0.2, 'epsilon_step': 0.01}",,640,99,1,-98,0.08952784538269043,"[1, 0, 1, 0, 0, 2, 2, 3, 2, 3, 2, 2, 3, 2, 2, 2, 2, 2, 2, 2, 3, 2, 3, 2, 2, 2, 3, 2, 3, 2, 3, 2, 3, 2, 3, 2, 3, 2, 3, 2, 2, 3, 2, 3, 2, 3, 2, 3, 2, 3, 2, 2, 3, 2, 2, 3, 2, 3, 2, 3, 2, 3, 2, 3, 0, 0, 3, 2, 3, 2, 2, 3, 2, 2, 3, 2, 3, 2, 3, 2, 3, 2, 3, 2, 3, 2, 2, 3, 2, 3, 1, 2, 3, 2, 3, 2, 3, 2, 3, 2]",1.8371919545665256,0.052491198701900735
641,"Qlearntab_LLM_{'alpha': 0.05, 'gamma': 0.95, 'epsilon': 0.2, 'epsilon_step': 0.01}",,641,4,-1,-99,0.0050013065338134766,"[0, 0, 0, 3, 0]",1.800986258684363,0.051456750248124655
642,"Qlearntab_LLM_{'alpha': 0.05, 'gamma': 0.95, 'epsilon': 0.2, 'epsilon_step': 0.01}",,642,76,0,-99,0.06843829154968262,"[2, 1, 0, 0, 0, 2, 2, 3, 2, 3, 2, 3, 2, 3, 2, 2, 2, 3, 2, 3, 2, 3, 2, 2, 2, 3, 2, 3, 2, 2, 3, 2, 2, 3, 2, 3, 2, 3, 2, 3, 2, 3, 2, 3, 2, 3, 2, 3, 2, 3, 2, 2, 3, 2, 3, 2, 3, 2, 2, 3, 2, 2, 2, 2, 3, 2, 3, 2, 2, 2, 2, 2, 0, 0, 0, 1, 1]",1.788491436839296,0.0510997553382656
643,"Qlearntab_LLM_{'alpha': 0.05, 'gamma': 0.95, 'epsilon': 0.2, 'epsilon_step': 0.01}",,643,99,1,-98,0.08862733840942383,"[0, 0, 1, 2, 0, 0, 2, 2, 3, 2, 2, 2, 2, 2, 2, 3, 2, 2, 2, 2, 3, 2, 3, 2, 2, 2, 2, 2, 2, 2, 3, 2, 2, 3, 2, 3, 2, 3, 2, 3, 2, 3, 2, 3, 2, 3, 2, 3, 2, 3, 2, 2, 2, 2, 2, 3, 2, 2, 3, 2, 2, 3, 2, 3, 2, 3, 2, 2, 2, 2, 3, 2, 2, 3, 2, 2, 3, 2, 3, 2, 3, 3, 2, 3, 2, 3, 2, 3, 2, 3, 2, 2, 2, 2, 3, 2, 2, 2, 3, 2]",1.822644369091047,0.052075553402601345
644,"Qlearntab_LLM_{'alpha': 0.05, 'gamma': 0.95, 'epsilon': 0.2, 'epsilon_step': 0.01}",,644,0,-1,-99,0.0009996891021728516,[2],1.7940566108163232,0.0512587603090378
645,"Qlearntab_LLM_{'alpha': 0.05, 'gamma': 0.95, 'epsilon': 0.2, 'epsilon_step': 0.01}",,645,99,1,-98,0.09181857109069824,"[0, 1, 0, 0, 0, 0, 0, 2, 2, 3, 2, 2, 3, 0, 3, 2, 3, 2, 3, 2, 3, 2, 3, 2, 3, 2, 3, 2, 3, 2, 3, 2, 3, 2, 3, 2, 2, 2, 2, 2, 3, 2, 2, 2, 3, 2, 3, 0, 3, 2, 3, 2, 3, 2, 2, 2, 3, 2, 3, 2, 3, 2, 3, 2, 3, 0, 3, 2, 2, 2, 2, 2, 3, 2, 3, 2, 2, 3, 3, 2, 2, 3, 2, 2, 2, 2, 2, 3, 0, 3, 2, 3, 2, 3, 2, 3, 2, 3, 2, 3]",1.8162411086542738,0.051892603104407825
646,"Qlearntab_LLM_{'alpha': 0.05, 'gamma': 0.95, 'epsilon': 0.2, 'epsilon_step': 0.01}",,646,2,-1,-99,0.0029997825622558594,"[1, 1, 0]",1.784036909988848,0.050972483142538515
647,"Qlearntab_LLM_{'alpha': 0.05, 'gamma': 0.95, 'epsilon': 0.2, 'epsilon_step': 0.01}",,647,99,1,-98,0.09198999404907227,"[0, 3, 0, 0, 2, 2, 3, 2, 3, 2, 2, 2, 3, 2, 2, 2, 0, 2, 2, 3, 2, 3, 2, 3, 2, 3, 2, 2, 2, 2, 3, 2, 3, 2, 2, 3, 2, 2, 3, 2, 3, 2, 2, 2, 3, 2, 2, 2, 3, 2, 2, 2, 3, 2, 2, 2, 3, 2, 3, 2, 3, 3, 0, 3, 2, 2, 2, 2, 3, 2, 3, 2, 3, 3, 2, 3, 2, 3, 2, 2, 3, 2, 3, 2, 2, 2, 2, 3, 2, 2, 2, 2, 2, 3, 2, 3, 2, 3, 2, 3]",1.8028530662424176,0.051510087606926214
648,"Qlearntab_LLM_{'alpha': 0.05, 'gamma': 0.95, 'epsilon': 0.2, 'epsilon_step': 0.01}",,648,0,-1,-99,0.0010039806365966797,[2],1.77569469588143,0.05073413416804085
649,"Qlearntab_LLM_{'alpha': 0.05, 'gamma': 0.95, 'epsilon': 0.2, 'epsilon_step': 0.01}",,649,4,-1,-100,0.0059969425201416016,"[0, 0, 3, 3, 2]",1.75466570640732,0.050133305897351994
650,"Qlearntab_LLM_{'alpha': 0.05, 'gamma': 0.95, 'epsilon': 0.2, 'epsilon_step': 0.01}",,650,1,-1,-101,0.002000093460083008,"[1, 2]",1.733081140867321,0.0495166040247806
651,"Qlearntab_LLM_{'alpha': 0.05, 'gamma': 0.95, 'epsilon': 0.2, 'epsilon_step': 0.01}",,651,0,-1,-102,0.0011043548583984375,[0],1.6952091235451916,0.04843454638700547
652,"Qlearntab_LLM_{'alpha': 0.05, 'gamma': 0.95, 'epsilon': 0.2, 'epsilon_step': 0.01}",,652,0,-1,-103,0.001001596450805664,[2],1.6719242157569398,0.04776926330734114
653,"Qlearntab_LLM_{'alpha': 0.05, 'gamma': 0.95, 'epsilon': 0.2, 'epsilon_step': 0.01}",,653,99,1,-102,0.09164309501647949,"[0, 1, 0, 1, 0, 0, 2, 2, 3, 2, 2, 2, 2, 3, 2, 3, 3, 2, 2, 2, 3, 2, 3, 2, 2, 2, 1, 0, 3, 0, 3, 2, 3, 2, 3, 3, 2, 3, 2, 3, 3, 2, 2, 2, 2, 2, 3, 0, 3, 2, 3, 2, 3, 2, 3, 3, 2, 3, 2, 2, 2, 2, 2, 3, 2, 3, 2, 2, 3, 2, 3, 2, 2, 2, 3, 2, 3, 2, 2, 3, 2, 2, 2, 2, 2, 3, 2, 2, 2, 3, 2, 3, 2, 2, 2, 2, 3, 2, 3, 2]",1.7048790421903226,0.04871082977686636
654,"Qlearntab_LLM_{'alpha': 0.05, 'gamma': 0.95, 'epsilon': 0.2, 'epsilon_step': 0.01}",,654,2,-1,-103,0.0030019283294677734,"[1, 1, 2]",1.6866411853655445,0.04818974815330127
655,"Qlearntab_LLM_{'alpha': 0.05, 'gamma': 0.95, 'epsilon': 0.2, 'epsilon_step': 0.01}",,655,3,-1,-104,0.004075288772583008,"[2, 1, 0, 1]",1.6725951097267444,0.04778843170647841
656,"Qlearntab_LLM_{'alpha': 0.05, 'gamma': 0.95, 'epsilon': 0.2, 'epsilon_step': 0.01}",,656,4,-1,-105,0.004999876022338867,"[2, 0, 0, 0, 3]",1.6504708481261428,0.04715630994646122
657,"Qlearntab_LLM_{'alpha': 0.05, 'gamma': 0.95, 'epsilon': 0.2, 'epsilon_step': 0.01}",,657,2,-1,-106,0.003000497817993164,"[1, 0, 1]",1.6175432022809624,0.04621552006517035
658,"Qlearntab_LLM_{'alpha': 0.05, 'gamma': 0.95, 'epsilon': 0.2, 'epsilon_step': 0.01}",,658,99,1,-105,0.08841967582702637,"[2, 0, 0, 0, 2, 2, 2, 2, 2, 3, 2, 2, 3, 0, 3, 2, 3, 2, 3, 0, 3, 0, 3, 2, 2, 3, 2, 3, 2, 3, 2, 3, 2, 2, 2, 3, 2, 3, 3, 2, 3, 2, 3, 2, 2, 2, 3, 2, 3, 2, 2, 3, 2, 3, 2, 3, 2, 3, 2, 3, 2, 2, 2, 3, 2, 3, 2, 3, 0, 3, 2, 3, 2, 3, 2, 3, 2, 3, 2, 3, 0, 3, 2, 2, 3, 2, 2, 3, 2, 3, 2, 2, 2, 3, 2, 3, 2, 2, 3, 2]",1.6494303397735388,0.047126581136386826
659,"Qlearntab_LLM_{'alpha': 0.05, 'gamma': 0.95, 'epsilon': 0.2, 'epsilon_step': 0.01}",,659,99,1,-104,0.09161233901977539,"[2, 1, 1, 0, 0, 2, 2, 0, 0, 0, 0, 2, 2, 3, 2, 2, 3, 2, 2, 3, 3, 2, 3, 2, 3, 2, 2, 3, 2, 3, 2, 3, 2, 3, 2, 3, 2, 2, 3, 2, 3, 2, 3, 2, 2, 2, 2, 2, 3, 2, 2, 3, 3, 2, 2, 2, 3, 2, 3, 3, 2, 3, 3, 2, 3, 2, 2, 2, 2, 2, 3, 2, 2, 2, 2, 2, 2, 3, 2, 3, 2, 3, 2, 2, 2, 2, 2, 3, 2, 3, 2, 2, 2, 3, 2, 2, 3, 0, 3, 2]",1.68831288274033,0.048237510935438
660,"Qlearntab_LLM_{'alpha': 0.05, 'gamma': 0.95, 'epsilon': 0.2, 'epsilon_step': 0.01}",,660,7,-1,-105,0.007059574127197266,"[3, 2, 2, 0, 0, 0, 0, 1]",1.6780293307566458,0.047943695164475594
661,"Qlearntab_LLM_{'alpha': 0.05, 'gamma': 0.95, 'epsilon': 0.2, 'epsilon_step': 0.01}",,661,0,-1,-106,0.0010001659393310547,[2],1.6512646712665677,0.04717899060761622
662,"Qlearntab_LLM_{'alpha': 0.05, 'gamma': 0.95, 'epsilon': 0.2, 'epsilon_step': 0.01}",,662,0,-1,-107,0.0009996891021728516,[2],1.6258382447509936,0.04645252127859981
663,"Qlearntab_LLM_{'alpha': 0.05, 'gamma': 0.95, 'epsilon': 0.2, 'epsilon_step': 0.01}",,663,7,-1,-108,0.008061885833740234,"[3, 1, 2, 0, 0, 3, 0, 2]",1.6204108357853193,0.04629745245100912
664,"Qlearntab_LLM_{'alpha': 0.05, 'gamma': 0.95, 'epsilon': 0.2, 'epsilon_step': 0.01}",,664,2,-1,-109,0.0030002593994140625,"[0, 0, 2]",1.599329124066184,0.0456951178304624
665,"Qlearntab_LLM_{'alpha': 0.05, 'gamma': 0.95, 'epsilon': 0.2, 'epsilon_step': 0.01}",,665,99,1,-108,0.08956193923950195,"[3, 3, 0, 3, 0, 1, 3, 1, 0, 0, 0, 1, 0, 0, 2, 2, 2, 2, 3, 3, 2, 2, 2, 3, 2, 3, 2, 3, 2, 3, 2, 2, 2, 3, 2, 3, 0, 3, 2, 3, 2, 2, 2, 2, 3, 2, 2, 3, 2, 2, 2, 3, 2, 3, 2, 3, 2, 3, 2, 3, 2, 3, 2, 2, 2, 3, 2, 2, 2, 2, 2, 2, 2, 0, 2, 2, 2, 3, 2, 3, 2, 3, 2, 3, 2, 3, 2, 3, 2, 3, 2, 3, 2, 2, 3, 2, 3, 2, 2, 3]",1.6390973453858986,0.04683135272531139
666,"Qlearntab_LLM_{'alpha': 0.05, 'gamma': 0.95, 'epsilon': 0.2, 'epsilon_step': 0.01}",,666,2,-1,-109,0.003088235855102539,"[0, 3, 0]",1.602098183362293,0.04577423381035123
667,"Qlearntab_LLM_{'alpha': 0.05, 'gamma': 0.95, 'epsilon': 0.2, 'epsilon_step': 0.01}",,667,2,-1,-110,0.0030035972595214844,"[1, 3, 2]",1.582691449409582,0.04521975569741663
668,"Qlearntab_LLM_{'alpha': 0.05, 'gamma': 0.95, 'epsilon': 0.2, 'epsilon_step': 0.01}",,668,99,1,-109,0.0897667407989502,"[0, 0, 0, 0, 2, 2, 3, 2, 3, 2, 3, 3, 2, 3, 2, 3, 2, 3, 2, 3, 2, 3, 2, 3, 2, 3, 2, 2, 3, 2, 3, 2, 2, 2, 3, 2, 2, 3, 2, 3, 2, 2, 2, 2, 3, 2, 2, 2, 3, 3, 2, 2, 2, 3, 2, 3, 2, 3, 2, 3, 2, 2, 3, 3, 2, 2, 2, 0, 0, 0, 0, 0, 0, 0, 0, 0, 2, 2, 2, 2, 3, 2, 3, 2, 3, 2, 3, 2, 3, 2, 3, 2, 3, 2, 3, 2, 3, 2, 3, 0]",1.605261006297746,0.0458646001799356
669,"Qlearntab_LLM_{'alpha': 0.05, 'gamma': 0.95, 'epsilon': 0.2, 'epsilon_step': 0.01}",,669,0,-1,-110,0.0010001659393310547,[0],1.567456483469894,0.044784470956282685
670,"Qlearntab_LLM_{'alpha': 0.05, 'gamma': 0.95, 'epsilon': 0.2, 'epsilon_step': 0.01}",,670,4,-1,-111,0.005092620849609375,"[1, 0, 0, 2, 1]",1.5563176474395661,0.04446621849827332
671,"Qlearntab_LLM_{'alpha': 0.05, 'gamma': 0.95, 'epsilon': 0.2, 'epsilon_step': 0.01}",,671,2,-1,-112,0.0030012130737304688,"[1, 2, 2]",1.5539779127187623,0.04439936893482178
672,"Qlearntab_LLM_{'alpha': 0.05, 'gamma': 0.95, 'epsilon': 0.2, 'epsilon_step': 0.01}",,672,99,1,-111,0.09165430068969727,"[3, 0, 0, 0, 0, 0, 2, 0, 0, 2, 2, 2, 2, 2, 3, 2, 3, 2, 3, 2, 2, 3, 2, 2, 2, 2, 2, 3, 2, 2, 2, 3, 2, 2, 3, 2, 3, 2, 2, 2, 3, 0, 3, 2, 3, 2, 2, 3, 2, 2, 2, 3, 0, 3, 2, 3, 3, 3, 2, 2, 2, 2, 2, 3, 2, 2, 3, 2, 3, 2, 2, 2, 2, 2, 3, 2, 2, 2, 3, 2, 3, 2, 3, 2, 2, 3, 2, 3, 2, 3, 3, 2, 2, 2, 2, 2, 3, 2, 3, 2]",1.5725922255708409,0.04493120644488117
673,"Qlearntab_LLM_{'alpha': 0.05, 'gamma': 0.95, 'epsilon': 0.2, 'epsilon_step': 0.01}",,673,99,1,-110,0.09170794486999512,"[0, 2, 0, 0, 0, 0, 0, 0, 0, 0, 2, 2, 2, 3, 2, 3, 2, 3, 2, 2, 2, 2, 2, 2, 3, 2, 3, 0, 3, 2, 3, 2, 3, 3, 3, 2, 3, 2, 3, 2, 3, 2, 3, 2, 3, 2, 2, 2, 2, 2, 3, 2, 3, 2, 3, 2, 2, 2, 2, 2, 3, 2, 2, 2, 2, 3, 2, 3, 2, 2, 2, 3, 2, 2, 3, 2, 3, 2, 3, 2, 2, 2, 3, 2, 3, 2, 3, 2, 3, 2, 3, 3, 2, 2, 2, 2, 3, 0, 3, 2]",1.6150189171492333,0.04614339763283524
674,"Qlearntab_LLM_{'alpha': 0.05, 'gamma': 0.95, 'epsilon': 0.2, 'epsilon_step': 0.01}",,674,2,-1,-111,0.0029993057250976562,"[0, 1, 2]",1.5984403656490924,0.045669724732831214
675,"Qlearntab_LLM_{'alpha': 0.05, 'gamma': 0.95, 'epsilon': 0.2, 'epsilon_step': 0.01}",,675,1,-1,-112,0.0020809173583984375,"[1, 2]",1.5804955223412405,0.04515701492403544
676,"Qlearntab_LLM_{'alpha': 0.05, 'gamma': 0.95, 'epsilon': 0.2, 'epsilon_step': 0.01}",,676,99,1,-111,0.09294414520263672,"[2, 3, 3, 0, 0, 2, 2, 2, 2, 3, 2, 3, 2, 2, 2, 2, 2, 3, 2, 3, 2, 3, 2, 3, 2, 3, 3, 2, 2, 3, 0, 3, 2, 2, 2, 2, 3, 2, 3, 2, 2, 3, 2, 3, 2, 2, 3, 2, 3, 2, 3, 2, 2, 3, 2, 3, 2, 2, 3, 2, 3, 2, 2, 3, 2, 3, 2, 2, 2, 2, 3, 2, 2, 0, 2, 2, 2, 2, 3, 2, 2, 2, 3, 2, 3, 2, 3, 2, 2, 3, 2, 3, 2, 3, 2, 3, 2, 2, 3, 2]",1.6172834268546026,0.0462080979101315
677,"Qlearntab_LLM_{'alpha': 0.05, 'gamma': 0.95, 'epsilon': 0.2, 'epsilon_step': 0.01}",,677,2,-1,-112,0.0029985904693603516,"[1, 2, 2]",1.617212947044008,0.04620608420125737
678,"Qlearntab_LLM_{'alpha': 0.05, 'gamma': 0.95, 'epsilon': 0.2, 'epsilon_step': 0.01}",,678,5,-1,-113,0.0060613155364990234,"[0, 3, 1, 0, 2, 2]",1.6235795172802674,0.04638798620800764
679,"Qlearntab_LLM_{'alpha': 0.05, 'gamma': 0.95, 'epsilon': 0.2, 'epsilon_step': 0.01}",,679,0,-1,-114,0.0009992122650146484,[2],1.6019903291199107,0.045771152260568874
680,"Qlearntab_LLM_{'alpha': 0.05, 'gamma': 0.95, 'epsilon': 0.2, 'epsilon_step': 0.01}",,680,99,1,-113,0.09292197227478027,"[3, 1, 3, 0, 0, 0, 2, 2, 3, 2, 3, 2, 2, 2, 2, 3, 2, 2, 3, 2, 3, 2, 2, 2, 0, 0, 0, 2, 2, 2, 2, 2, 3, 2, 3, 2, 3, 2, 3, 2, 3, 2, 3, 2, 3, 2, 2, 2, 2, 2, 3, 2, 3, 2, 2, 3, 2, 3, 2, 3, 2, 3, 2, 3, 2, 2, 2, 2, 2, 2, 3, 2, 3, 2, 3, 2, 3, 2, 3, 2, 2, 3, 2, 3, 2, 3, 2, 3, 2, 2, 3, 2, 2, 3, 2, 3, 2, 3, 2, 2]",1.6286254115174215,0.04653215461478347
681,"Qlearntab_LLM_{'alpha': 0.05, 'gamma': 0.95, 'epsilon': 0.2, 'epsilon_step': 0.01}",,681,1,-1,-114,0.0030558109283447266,"[0, 3]",1.5915389673386902,0.04547254192396258
682,"Qlearntab_LLM_{'alpha': 0.05, 'gamma': 0.95, 'epsilon': 0.2, 'epsilon_step': 0.01}",,682,0,-1,-115,0.0010008811950683594,[2],1.5710292385863514,0.04488654967389575
683,"Qlearntab_LLM_{'alpha': 0.05, 'gamma': 0.95, 'epsilon': 0.2, 'epsilon_step': 0.01}",,683,99,1,-114,0.0918741226196289,"[0, 0, 0, 0, 2, 2, 3, 3, 2, 3, 0, 3, 2, 2, 3, 2, 3, 2, 2, 3, 2, 3, 0, 3, 0, 3, 0, 3, 2, 2, 3, 2, 2, 2, 3, 2, 2, 2, 3, 2, 3, 2, 3, 2, 2, 2, 3, 2, 3, 2, 3, 2, 3, 2, 3, 2, 3, 2, 3, 2, 3, 3, 2, 2, 3, 2, 2, 2, 2, 2, 2, 2, 3, 2, 2, 3, 2, 3, 2, 2, 2, 3, 2, 3, 2, 3, 2, 2, 2, 3, 2, 3, 2, 3, 2, 2, 3, 2, 3, 2]",1.589301893183683,0.045408625519533806
684,"Qlearntab_LLM_{'alpha': 0.05, 'gamma': 0.95, 'epsilon': 0.2, 'epsilon_step': 0.01}",,684,0,-1,-115,0.0010004043579101562,[0],1.5507869677951673,0.04430819907986192
685,"Qlearntab_LLM_{'alpha': 0.05, 'gamma': 0.95, 'epsilon': 0.2, 'epsilon_step': 0.01}",,685,5,-1,-116,0.00609588623046875,"[3, 3, 1, 3, 0, 2]",1.5383705263710135,0.043953443610600385
686,"Qlearntab_LLM_{'alpha': 0.05, 'gamma': 0.95, 'epsilon': 0.2, 'epsilon_step': 0.01}",,686,99,1,-115,0.10093545913696289,"[2, 0, 0, 0, 2, 2, 3, 2, 3, 2, 3, 2, 3, 2, 3, 2, 2, 2, 3, 2, 3, 2, 2, 3, 2, 3, 2, 3, 2, 3, 2, 3, 2, 3, 2, 3, 2, 3, 2, 2, 2, 3, 2, 3, 2, 2, 2, 3, 2, 3, 2, 3, 2, 2, 2, 2, 3, 2, 2, 2, 3, 2, 3, 2, 2, 3, 0, 3, 3, 3, 2, 3, 0, 3, 2, 3, 2, 3, 2, 3, 2, 3, 2, 3, 2, 2, 3, 2, 2, 3, 3, 2, 3, 2, 2, 2, 2, 2, 2, 2]",1.5758888595844334,0.04502539598812667
687,"Qlearntab_LLM_{'alpha': 0.05, 'gamma': 0.95, 'epsilon': 0.2, 'epsilon_step': 0.01}",,687,99,1,-114,0.09467363357543945,"[0, 0, 0, 2, 2, 2, 2, 3, 2, 3, 2, 2, 2, 2, 2, 3, 3, 2, 2, 2, 3, 2, 2, 3, 2, 3, 2, 3, 2, 2, 2, 3, 2, 3, 3, 2, 3, 2, 2, 3, 3, 2, 3, 2, 3, 2, 2, 2, 2, 3, 2, 3, 2, 3, 2, 3, 2, 3, 2, 3, 2, 3, 2, 3, 2, 3, 2, 3, 2, 2, 3, 2, 3, 2, 3, 2, 2, 3, 2, 2, 3, 2, 2, 2, 3, 2, 2, 2, 2, 3, 2, 3, 2, 2, 2, 2, 2, 3, 3, 2]",1.595310419691287,0.045580297705465345
688,"Qlearntab_LLM_{'alpha': 0.05, 'gamma': 0.95, 'epsilon': 0.2, 'epsilon_step': 0.01}",,688,1,-1,-115,0.002000570297241211,"[2, 0]",1.5764965546575456,0.0450427587045013
689,"Qlearntab_LLM_{'alpha': 0.05, 'gamma': 0.95, 'epsilon': 0.2, 'epsilon_step': 0.01}",,689,99,1,-114,0.09300088882446289,"[0, 0, 0, 0, 2, 2, 2, 2, 2, 3, 2, 2, 3, 3, 3, 2, 2, 2, 3, 2, 3, 2, 2, 2, 2, 3, 2, 2, 3, 2, 2, 2, 3, 2, 3, 2, 3, 2, 3, 2, 3, 2, 2, 3, 2, 2, 3, 2, 3, 2, 2, 2, 2, 3, 2, 2, 3, 2, 3, 2, 2, 2, 2, 3, 2, 3, 2, 2, 2, 2, 2, 2, 2, 3, 2, 2, 2, 3, 2, 3, 2, 3, 2, 3, 2, 3, 2, 3, 2, 3, 2, 2, 2, 3, 2, 3, 2, 3, 2, 3]",1.597421085116792,0.045640602431908345
690,"Qlearntab_LLM_{'alpha': 0.05, 'gamma': 0.95, 'epsilon': 0.2, 'epsilon_step': 0.01}",,690,99,1,-113,0.09038162231445312,"[0, 0, 0, 0, 0, 2, 2, 2, 3, 2, 3, 3, 2, 3, 2, 3, 0, 3, 2, 2, 2, 2, 2, 3, 2, 3, 2, 2, 3, 3, 2, 2, 2, 2, 3, 2, 3, 2, 3, 2, 3, 0, 3, 2, 2, 2, 2, 2, 3, 3, 2, 2, 3, 2, 3, 2, 2, 3, 2, 2, 2, 3, 2, 2, 3, 2, 3, 2, 3, 2, 3, 2, 3, 2, 2, 3, 2, 3, 3, 3, 2, 2, 2, 3, 2, 2, 2, 2, 3, 2, 2, 3, 2, 2, 3, 2, 3, 2, 3, 2]",1.6212823834637342,0.04632235381324955
691,"Qlearntab_LLM_{'alpha': 0.05, 'gamma': 0.95, 'epsilon': 0.2, 'epsilon_step': 0.01}",,691,0,-1,-114,0.0009999275207519531,[0],1.5838118235754075,0.045251766387868785
692,"Qlearntab_LLM_{'alpha': 0.05, 'gamma': 0.95, 'epsilon': 0.2, 'epsilon_step': 0.01}",,692,0,-1,-115,0.0010001659393310547,[2],1.562611340531887,0.04464603830091106
693,"Qlearntab_LLM_{'alpha': 0.05, 'gamma': 0.95, 'epsilon': 0.2, 'epsilon_step': 0.01}",,693,0,-1,-116,0.0009999275207519531,[3],1.524178301214368,0.043547951463267655
694,"Qlearntab_LLM_{'alpha': 0.05, 'gamma': 0.95, 'epsilon': 0.2, 'epsilon_step': 0.01}",,694,3,-1,-117,0.003998517990112305,"[0, 0, 1, 3]",1.4917237629532485,0.042620678941521384
695,"Qlearntab_LLM_{'alpha': 0.05, 'gamma': 0.95, 'epsilon': 0.2, 'epsilon_step': 0.01}",,695,0,-1,-118,0.0010020732879638672,[3],1.4570379449691875,0.041629655570548214
696,"Qlearntab_LLM_{'alpha': 0.05, 'gamma': 0.95, 'epsilon': 0.2, 'epsilon_step': 0.01}",,696,0,-1,-119,0.0011017322540283203,[2],1.436897486077843,0.04105421388793837
697,"Qlearntab_LLM_{'alpha': 0.05, 'gamma': 0.95, 'epsilon': 0.2, 'epsilon_step': 0.01}",,697,1,-1,-120,0.0020036697387695312,"[1, 1]",1.401274384212722,0.04003641097750634
698,"Qlearntab_LLM_{'alpha': 0.05, 'gamma': 0.95, 'epsilon': 0.2, 'epsilon_step': 0.01}",,698,0,-1,-121,0.001995563507080078,[2],1.3821409482659448,0.03948974137902699
699,"Qlearntab_LLM_{'alpha': 0.05, 'gamma': 0.95, 'epsilon': 0.2, 'epsilon_step': 0.01}",,699,99,1,-120,0.08857583999633789,"[1, 0, 0, 0, 2, 0, 2, 2, 3, 2, 3, 2, 3, 3, 2, 3, 2, 3, 2, 2, 3, 2, 2, 0, 2, 2, 3, 2, 3, 2, 3, 2, 3, 2, 3, 2, 3, 2, 3, 3, 2, 2, 2, 3, 2, 3, 2, 3, 2, 3, 0, 3, 2, 2, 2, 3, 2, 3, 2, 3, 2, 2, 3, 2, 3, 2, 2, 2, 2, 2, 3, 2, 3, 2, 3, 3, 2, 3, 0, 3, 2, 3, 2, 2, 3, 2, 3, 2, 2, 3, 2, 3, 2, 3, 2, 3, 2, 2, 3, 2]",1.409285942807062,0.040265312651630344
700,"Qlearntab_LLM_{'alpha': 0.05, 'gamma': 0.95, 'epsilon': 0.2, 'epsilon_step': 0.01}",,700,99,1,-119,0.08875107765197754,"[2, 0, 0, 0, 0, 2, 2, 3, 2, 2, 2, 2, 2, 3, 2, 2, 2, 3, 2, 2, 2, 2, 3, 2, 3, 2, 2, 2, 3, 2, 3, 2, 3, 2, 2, 3, 2, 2, 3, 2, 3, 2, 3, 2, 2, 3, 2, 2, 3, 2, 2, 2, 3, 2, 3, 2, 3, 2, 2, 2, 2, 2, 2, 3, 2, 2, 2, 2, 3, 2, 3, 2, 3, 2, 3, 2, 3, 3, 2, 3, 2, 3, 0, 0, 3, 2, 2, 2, 3, 2, 2, 2, 2, 3, 3, 2, 2, 3, 2, 2]",1.4503247184978607,0.041437849099938875
701,"Qlearntab_LLM_{'alpha': 0.05, 'gamma': 0.95, 'epsilon': 0.2, 'epsilon_step': 0.01}",,701,0,-1,-120,0.0009996891021728516,[0],1.4135999516248736,0.04038857004642496
702,"Qlearntab_LLM_{'alpha': 0.05, 'gamma': 0.95, 'epsilon': 0.2, 'epsilon_step': 0.01}",,702,2,-1,-121,0.0019998550415039062,"[3, 1, 3]",1.3844739483099207,0.03955639852314059
703,"Qlearntab_LLM_{'alpha': 0.05, 'gamma': 0.95, 'epsilon': 0.2, 'epsilon_step': 0.01}",,703,99,1,-120,0.08857393264770508,"[0, 0, 0, 0, 0, 0, 2, 2, 2, 3, 2, 3, 2, 2, 3, 2, 3, 2, 3, 2, 3, 2, 2, 2, 3, 2, 3, 2, 3, 3, 2, 2, 3, 2, 2, 2, 2, 2, 3, 2, 2, 2, 2, 3, 2, 3, 2, 2, 2, 2, 2, 2, 3, 2, 3, 2, 3, 2, 2, 2, 2, 2, 2, 2, 2, 3, 2, 2, 2, 3, 3, 0, 3, 2, 2, 2, 3, 2, 3, 2, 2, 2, 0, 2, 2, 3, 2, 3, 2, 2, 2, 3, 2, 2, 3, 2, 2, 3, 2, 3]",1.4070439544277782,0.04020125584079366
704,"Qlearntab_LLM_{'alpha': 0.05, 'gamma': 0.95, 'epsilon': 0.2, 'epsilon_step': 0.01}",,704,0,-1,-121,0.0009999275207519531,[2],1.387952811405271,0.03965579461157917
705,"Qlearntab_LLM_{'alpha': 0.05, 'gamma': 0.95, 'epsilon': 0.2, 'epsilon_step': 0.01}",,705,99,1,-120,0.08855438232421875,"[1, 0, 0, 0, 0, 0, 0, 2, 2, 3, 2, 3, 2, 3, 0, 3, 2, 2, 2, 2, 3, 3, 2, 3, 2, 3, 2, 3, 3, 2, 2, 2, 3, 2, 3, 2, 3, 2, 3, 2, 3, 2, 3, 2, 3, 2, 3, 2, 3, 0, 3, 2, 2, 2, 3, 2, 3, 2, 3, 2, 2, 2, 2, 2, 2, 2, 2, 2, 2, 3, 2, 2, 3, 2, 2, 3, 2, 3, 2, 3, 3, 2, 3, 3, 2, 3, 2, 2, 3, 2, 3, 2, 3, 2, 3, 3, 2, 2, 2, 3]",1.411165515744589,0.04031901473555969
706,"Qlearntab_LLM_{'alpha': 0.05, 'gamma': 0.95, 'epsilon': 0.2, 'epsilon_step': 0.01}",,706,99,1,-119,0.09080958366394043,"[3, 0, 0, 2, 2, 3, 3, 2, 3, 2, 3, 2, 3, 2, 2, 3, 2, 3, 2, 3, 3, 2, 2, 2, 3, 2, 3, 2, 3, 2, 2, 3, 2, 2, 3, 2, 3, 2, 2, 3, 2, 3, 2, 2, 3, 2, 2, 2, 2, 3, 2, 3, 2, 3, 2, 3, 3, 2, 2, 3, 2, 3, 2, 2, 3, 2, 2, 3, 2, 2, 2, 2, 2, 2, 2, 3, 2, 3, 2, 2, 2, 2, 2, 3, 2, 3, 2, 3, 2, 2, 3, 2, 3, 2, 2, 3, 2, 3, 2, 2]",1.436484747770629,0.04104242136487512
707,"Qlearntab_LLM_{'alpha': 0.05, 'gamma': 0.95, 'epsilon': 0.2, 'epsilon_step': 0.01}",,707,2,-1,-120,0.0029997825622558594,"[3, 2, 0]",1.4238510233828092,0.040681457810937405
708,"Qlearntab_LLM_{'alpha': 0.05, 'gamma': 0.95, 'epsilon': 0.2, 'epsilon_step': 0.01}",,708,99,1,-119,0.08808159828186035,"[0, 2, 0, 0, 0, 2, 2, 3, 2, 3, 2, 3, 2, 2, 3, 2, 3, 2, 3, 2, 2, 2, 3, 2, 3, 2, 3, 2, 2, 2, 2, 3, 2, 3, 2, 3, 3, 2, 3, 3, 2, 3, 0, 3, 2, 2, 2, 2, 2, 2, 2, 2, 3, 2, 3, 2, 2, 2, 3, 2, 2, 3, 2, 3, 2, 2, 3, 2, 3, 2, 2, 3, 2, 3, 2, 3, 2, 3, 2, 2, 3, 2, 3, 2, 2, 2, 3, 3, 2, 2, 3, 2, 3, 2, 3, 2, 2, 2, 2, 2]",1.4652324666147956,0.04186378476042273
709,"Qlearntab_LLM_{'alpha': 0.05, 'gamma': 0.95, 'epsilon': 0.2, 'epsilon_step': 0.01}",,709,99,1,-118,0.0918111801147461,"[3, 2, 2, 0, 0, 2, 0, 2, 2, 3, 3, 2, 3, 2, 2, 2, 3, 2, 3, 2, 2, 2, 2, 3, 2, 3, 2, 3, 2, 2, 3, 2, 2, 3, 2, 3, 2, 3, 0, 3, 3, 2, 2, 2, 3, 2, 2, 2, 2, 2, 2, 3, 2, 3, 2, 3, 3, 2, 3, 2, 2, 3, 2, 2, 3, 2, 3, 2, 3, 2, 3, 2, 3, 2, 3, 2, 3, 2, 2, 3, 2, 3, 3, 2, 3, 2, 2, 3, 2, 2, 2, 2, 2, 3, 2, 2, 2, 2, 2, 2]",1.5232621298029962,0.04352177513722846
710,"Qlearntab_LLM_{'alpha': 0.05, 'gamma': 0.95, 'epsilon': 0.2, 'epsilon_step': 0.01}",,710,0,-1,-119,0.0010001659393310547,[2],1.5007328105157027,0.04287808030044865
711,"Qlearntab_LLM_{'alpha': 0.05, 'gamma': 0.95, 'epsilon': 0.2, 'epsilon_step': 0.01}",,711,99,1,-118,0.09300708770751953,"[2, 0, 0, 2, 2, 3, 2, 3, 2, 3, 2, 3, 2, 3, 2, 3, 2, 3, 2, 2, 2, 3, 2, 3, 2, 3, 2, 3, 2, 3, 2, 2, 3, 2, 2, 2, 3, 2, 2, 3, 2, 3, 2, 3, 2, 3, 2, 2, 2, 2, 2, 2, 2, 2, 2, 2, 3, 2, 3, 2, 2, 2, 3, 2, 3, 2, 3, 2, 3, 2, 3, 2, 3, 2, 3, 2, 3, 2, 3, 2, 3, 2, 2, 3, 2, 2, 3, 2, 3, 2, 3, 2, 2, 2, 2, 3, 2, 3, 2, 2]",1.536222313808079,0.04389206610880226
712,"Qlearntab_LLM_{'alpha': 0.05, 'gamma': 0.95, 'epsilon': 0.2, 'epsilon_step': 0.01}",,712,0,-1,-119,0.0019979476928710938,[1],1.5006439770544973,0.042875542201557065
713,"Qlearntab_LLM_{'alpha': 0.05, 'gamma': 0.95, 'epsilon': 0.2, 'epsilon_step': 0.01}",,713,2,-1,-120,0.0029964447021484375,"[2, 2, 2]",1.5028255860841901,0.04293787388811972
714,"Qlearntab_LLM_{'alpha': 0.05, 'gamma': 0.95, 'epsilon': 0.2, 'epsilon_step': 0.01}",,714,1,-1,-121,0.0020003318786621094,"[2, 2]",1.4924754676885914,0.04264215621967404
715,"Qlearntab_LLM_{'alpha': 0.05, 'gamma': 0.95, 'epsilon': 0.2, 'epsilon_step': 0.01}",,715,5,-1,-122,0.005060434341430664,"[1, 0, 0, 0, 0, 1]",1.4632301842039086,0.04180657669154025
716,"Qlearntab_LLM_{'alpha': 0.05, 'gamma': 0.95, 'epsilon': 0.2, 'epsilon_step': 0.01}",,716,99,1,-121,0.09064388275146484,"[0, 0, 0, 0, 0, 0, 0, 0, 0, 0, 0, 0, 2, 0, 2, 2, 3, 2, 3, 0, 3, 2, 3, 2, 3, 3, 2, 3, 2, 3, 2, 2, 2, 2, 3, 2, 3, 2, 2, 3, 0, 3, 3, 2, 2, 3, 2, 2, 3, 2, 3, 2, 3, 2, 3, 2, 3, 2, 3, 2, 2, 2, 2, 3, 3, 2, 3, 2, 2, 2, 2, 2, 2, 3, 2, 3, 2, 2, 2, 3, 2, 3, 2, 3, 2, 3, 2, 3, 2, 3, 2, 2, 2, 2, 2, 3, 2, 3, 2, 3]",1.4873926477100283,0.0424969327917151
717,"Qlearntab_LLM_{'alpha': 0.05, 'gamma': 0.95, 'epsilon': 0.2, 'epsilon_step': 0.01}",,717,99,1,-120,0.0894019603729248,"[3, 0, 0, 0, 2, 2, 3, 2, 3, 2, 2, 3, 2, 3, 2, 2, 3, 2, 3, 2, 3, 2, 2, 2, 3, 2, 3, 2, 2, 2, 2, 2, 2, 2, 3, 2, 2, 2, 3, 2, 3, 2, 2, 2, 3, 2, 3, 2, 3, 2, 2, 2, 2, 2, 3, 2, 2, 3, 2, 2, 2, 3, 2, 3, 2, 2, 2, 3, 2, 3, 2, 3, 2, 2, 2, 2, 3, 2, 3, 2, 2, 2, 2, 2, 2, 3, 2, 3, 2, 3, 2, 2, 2, 3, 2, 2, 3, 2, 3, 2]",1.512107397787111,0.04320306850820317
718,"Qlearntab_LLM_{'alpha': 0.05, 'gamma': 0.95, 'epsilon': 0.2, 'epsilon_step': 0.01}",,718,99,1,-119,0.0885457992553711,"[3, 0, 0, 0, 0, 2, 2, 3, 2, 2, 3, 2, 2, 3, 2, 3, 2, 2, 3, 2, 3, 2, 3, 2, 3, 2, 2, 3, 3, 2, 3, 2, 3, 2, 3, 2, 3, 2, 2, 3, 2, 2, 2, 2, 3, 2, 2, 2, 2, 2, 2, 2, 2, 3, 2, 3, 2, 3, 2, 3, 2, 3, 2, 3, 2, 3, 2, 3, 2, 3, 2, 3, 2, 3, 2, 3, 2, 2, 2, 2, 3, 2, 3, 2, 3, 2, 2, 3, 2, 3, 2, 2, 3, 2, 3, 3, 2, 3, 2, 3]",1.536545267941709,0.04390129336976312
719,"Qlearntab_LLM_{'alpha': 0.05, 'gamma': 0.95, 'epsilon': 0.2, 'epsilon_step': 0.01}",,719,4,-1,-120,0.004000186920166016,"[0, 0, 0, 0, 2]",1.5149420914768568,0.04328405975648162
720,"Qlearntab_LLM_{'alpha': 0.05, 'gamma': 0.95, 'epsilon': 0.2, 'epsilon_step': 0.01}",,720,99,1,-119,0.08955049514770508,"[1, 0, 0, 0, 0, 2, 2, 2, 2, 2, 2, 3, 2, 2, 3, 2, 3, 2, 3, 2, 3, 3, 2, 3, 3, 2, 3, 2, 3, 2, 3, 2, 3, 2, 2, 2, 2, 3, 2, 2, 2, 2, 3, 2, 2, 2, 2, 2, 3, 2, 3, 2, 2, 3, 2, 2, 2, 0, 0, 0, 2, 2, 2, 2, 2, 2, 2, 3, 2, 2, 0, 2, 2, 2, 3, 2, 2, 2, 2, 3, 2, 3, 2, 3, 2, 3, 2, 3, 3, 2, 3, 2, 3, 2, 2, 2, 3, 2, 3, 2]",1.5438678533961976,0.04411051009703422
721,"Qlearntab_LLM_{'alpha': 0.05, 'gamma': 0.95, 'epsilon': 0.2, 'epsilon_step': 0.01}",,721,0,-1,-120,0.002001047134399414,[2],1.522306296106738,0.043494465603049655
722,"Qlearntab_LLM_{'alpha': 0.05, 'gamma': 0.95, 'epsilon': 0.2, 'epsilon_step': 0.01}",,722,1,-1,-121,0.002059459686279297,"[2, 1]",1.5116142630736613,0.04318897894496175
723,"Qlearntab_LLM_{'alpha': 0.05, 'gamma': 0.95, 'epsilon': 0.2, 'epsilon_step': 0.01}",,723,99,1,-120,0.08852410316467285,"[0, 3, 2, 1, 0, 0, 0, 0, 1, 0, 0, 0, 2, 2, 3, 2, 3, 3, 3, 2, 2, 2, 2, 3, 2, 2, 2, 2, 2, 2, 3, 2, 3, 2, 3, 2, 3, 3, 2, 3, 3, 0, 3, 2, 3, 3, 2, 2, 3, 2, 3, 2, 3, 2, 3, 2, 3, 2, 3, 2, 3, 2, 3, 2, 3, 0, 3, 2, 3, 2, 3, 2, 2, 3, 2, 3, 2, 3, 3, 2, 3, 3, 2, 2, 2, 2, 3, 2, 2, 2, 3, 2, 3, 2, 3, 2, 3, 2, 3, 2]",1.579352234743377,0.045124349564096486
724,"Qlearntab_LLM_{'alpha': 0.05, 'gamma': 0.95, 'epsilon': 0.2, 'epsilon_step': 0.01}",,724,13,2,-118,0.013104677200317383,"[0, 0, 0, 2, 2, 2, 2, 3, 2, 3, 2, 3, 0, 1]",1.678845585674821,0.04796701673356631
725,"Qlearntab_LLM_{'alpha': 0.05, 'gamma': 0.95, 'epsilon': 0.2, 'epsilon_step': 0.01}",,725,3,-1,-119,0.004000425338745117,"[3, 1, 2, 0]",1.6763325132479698,0.04789521466422771
726,"Qlearntab_LLM_{'alpha': 0.05, 'gamma': 0.95, 'epsilon': 0.2, 'epsilon_step': 0.01}",,726,3,-1,-120,0.004055500030517578,"[0, 1, 3, 2]",1.6678992827775292,0.04765426522221512
727,"Qlearntab_LLM_{'alpha': 0.05, 'gamma': 0.95, 'epsilon': 0.2, 'epsilon_step': 0.01}",,727,99,1,-119,0.0896751880645752,"[1, 0, 0, 2, 2, 2, 3, 2, 3, 2, 3, 2, 2, 3, 2, 3, 2, 3, 2, 3, 2, 2, 0, 0, 2, 2, 3, 2, 3, 2, 2, 2, 2, 2, 2, 3, 2, 2, 2, 3, 2, 3, 0, 3, 2, 3, 2, 2, 3, 2, 2, 3, 2, 2, 3, 2, 3, 2, 2, 3, 2, 2, 3, 2, 2, 2, 2, 2, 2, 2, 2, 3, 2, 3, 2, 2, 2, 3, 2, 3, 3, 2, 3, 2, 3, 2, 3, 2, 2, 3, 2, 3, 2, 2, 2, 3, 2, 3, 2, 2]",1.6880789050134088,0.048230825857525965
728,"Qlearntab_LLM_{'alpha': 0.05, 'gamma': 0.95, 'epsilon': 0.2, 'epsilon_step': 0.01}",,728,0,-1,-120,0.0010006427764892578,[3],1.6530913208059776,0.0472311805944565
729,"Qlearntab_LLM_{'alpha': 0.05, 'gamma': 0.95, 'epsilon': 0.2, 'epsilon_step': 0.01}",,729,0,-1,-121,0.0010006427764892578,[2],1.630617065624937,0.046589059017855344
730,"Qlearntab_LLM_{'alpha': 0.05, 'gamma': 0.95, 'epsilon': 0.2, 'epsilon_step': 0.01}",,730,3,-1,-122,0.003999233245849609,"[3, 0, 3, 1]",1.6121982641631674,0.04606280754751907
731,"Qlearntab_LLM_{'alpha': 0.05, 'gamma': 0.95, 'epsilon': 0.2, 'epsilon_step': 0.01}",,731,0,-1,-123,0.0010008811950683594,[3],1.5781928937229284,0.04509122553494081
732,"Qlearntab_LLM_{'alpha': 0.05, 'gamma': 0.95, 'epsilon': 0.2, 'epsilon_step': 0.01}",,732,0,-1,-124,0.0010001659393310547,[0],1.537542984075562,0.04392979954501605
733,"Qlearntab_LLM_{'alpha': 0.05, 'gamma': 0.95, 'epsilon': 0.2, 'epsilon_step': 0.01}",,733,0,-1,-125,0.0010633468627929688,[0],1.4989255699105637,0.04282644485458753
734,"Qlearntab_LLM_{'alpha': 0.05, 'gamma': 0.95, 'epsilon': 0.2, 'epsilon_step': 0.01}",,734,5,-1,-126,0.0060007572174072266,"[1, 3, 3, 0, 0, 2]",1.4935261046241974,0.04267217441783421
735,"Qlearntab_LLM_{'alpha': 0.05, 'gamma': 0.95, 'epsilon': 0.2, 'epsilon_step': 0.01}",,735,4,1,-125,0.0049991607666015625,"[0, 0, 0, 1, 1]",1.5581857689942424,0.0445195933998355
736,"Qlearntab_LLM_{'alpha': 0.05, 'gamma': 0.95, 'epsilon': 0.2, 'epsilon_step': 0.01}",,736,4,-1,-126,0.005046844482421875,"[3, 0, 0, 1, 0]",1.5318354778376277,0.04376672793821793
737,"Qlearntab_LLM_{'alpha': 0.05, 'gamma': 0.95, 'epsilon': 0.2, 'epsilon_step': 0.01}",,737,99,1,-125,0.08966279029846191,"[3, 3, 1, 1, 1, 0, 0, 0, 0, 2, 2, 3, 2, 3, 2, 3, 2, 3, 2, 3, 2, 3, 0, 3, 2, 2, 2, 3, 2, 3, 2, 3, 2, 3, 2, 2, 2, 3, 2, 2, 2, 2, 2, 2, 0, 2, 2, 3, 2, 2, 3, 2, 2, 2, 0, 2, 2, 3, 2, 2, 3, 2, 3, 3, 3, 2, 2, 3, 3, 2, 3, 2, 3, 3, 2, 2, 3, 2, 3, 2, 2, 3, 2, 3, 2, 2, 2, 2, 3, 2, 3, 2, 2, 2, 3, 2, 3, 2, 2, 3]",1.5700714510633735,0.04485918431609639
738,"Qlearntab_LLM_{'alpha': 0.05, 'gamma': 0.95, 'epsilon': 0.2, 'epsilon_step': 0.01}",,738,2,-1,-126,0.0029990673065185547,"[2, 1, 2]",1.568528811129251,0.04481510888940717
739,"Qlearntab_LLM_{'alpha': 0.05, 'gamma': 0.95, 'epsilon': 0.2, 'epsilon_step': 0.01}",,739,99,1,-125,0.09172511100769043,"[3, 0, 0, 2, 0, 2, 2, 3, 2, 2, 2, 2, 3, 2, 3, 2, 3, 2, 3, 2, 3, 3, 0, 3, 2, 2, 3, 2, 2, 3, 2, 2, 2, 2, 3, 2, 3, 2, 3, 2, 3, 2, 2, 3, 2, 2, 3, 2, 2, 2, 3, 2, 3, 2, 3, 2, 3, 2, 3, 2, 2, 3, 2, 2, 2, 3, 2, 3, 0, 3, 0, 3, 2, 3, 2, 3, 2, 3, 3, 2, 3, 2, 2, 3, 3, 3, 2, 3, 2, 3, 2, 3, 3, 2, 3, 2, 2, 3, 2, 3]",1.590656505180841,0.0454473287194526
740,"Qlearntab_LLM_{'alpha': 0.05, 'gamma': 0.95, 'epsilon': 0.2, 'epsilon_step': 0.01}",,740,99,1,-124,0.09044885635375977,"[3, 2, 0, 0, 2, 2, 3, 2, 2, 2, 2, 3, 2, 3, 2, 3, 3, 2, 2, 2, 0, 2, 2, 2, 2, 3, 2, 2, 2, 3, 2, 2, 3, 2, 3, 2, 3, 2, 3, 2, 2, 3, 2, 3, 2, 3, 2, 3, 2, 3, 2, 2, 3, 2, 3, 2, 2, 2, 2, 3, 2, 2, 3, 2, 2, 2, 2, 3, 2, 3, 2, 3, 2, 2, 2, 2, 2, 3, 2, 2, 3, 2, 2, 3, 3, 2, 2, 2, 3, 2, 2, 2, 2, 2, 3, 2, 2, 2, 3, 2]",1.6279937986348723,0.04651410853242492
741,"Qlearntab_LLM_{'alpha': 0.05, 'gamma': 0.95, 'epsilon': 0.2, 'epsilon_step': 0.01}",,741,0,-1,-125,0.001001596450805664,[2],1.6062594385536602,0.04589312681581886
742,"Qlearntab_LLM_{'alpha': 0.05, 'gamma': 0.95, 'epsilon': 0.2, 'epsilon_step': 0.01}",,742,0,-1,-126,0.0009999275207519531,[2],1.5856117964765089,0.04530319418504311
743,"Qlearntab_LLM_{'alpha': 0.05, 'gamma': 0.95, 'epsilon': 0.2, 'epsilon_step': 0.01}",,743,99,1,-125,0.0911247730255127,"[3, 0, 0, 2, 2, 3, 2, 2, 0, 2, 2, 3, 2, 2, 3, 2, 2, 2, 2, 2, 2, 3, 2, 2, 3, 2, 3, 2, 3, 2, 2, 2, 2, 3, 2, 3, 2, 2, 2, 3, 2, 3, 2, 3, 2, 2, 2, 3, 2, 3, 2, 3, 2, 3, 2, 2, 3, 2, 3, 2, 3, 3, 0, 3, 2, 3, 2, 2, 2, 2, 2, 2, 3, 2, 3, 2, 3, 2, 3, 2, 3, 0, 3, 2, 3, 2, 2, 2, 2, 3, 2, 2, 2, 2, 3, 2, 3, 2, 3, 3]",1.6054760198666598,0.04587074342476171
744,"Qlearntab_LLM_{'alpha': 0.05, 'gamma': 0.95, 'epsilon': 0.2, 'epsilon_step': 0.01}",,744,99,1,-124,0.08963775634765625,"[0, 0, 0, 0, 2, 2, 2, 2, 2, 2, 2, 2, 2, 3, 2, 3, 2, 3, 2, 3, 2, 3, 2, 3, 2, 2, 3, 2, 3, 0, 3, 2, 2, 2, 2, 3, 2, 2, 3, 2, 3, 0, 3, 2, 3, 2, 3, 2, 3, 2, 3, 2, 3, 2, 3, 3, 2, 3, 2, 3, 0, 3, 2, 2, 2, 2, 2, 3, 2, 2, 3, 2, 3, 2, 3, 2, 2, 3, 2, 3, 2, 2, 3, 2, 3, 2, 3, 2, 3, 2, 2, 3, 2, 3, 2, 3, 2, 3, 2, 3]",1.6245710937281148,0.04641631696366042
745,"Qlearntab_LLM_{'alpha': 0.05, 'gamma': 0.95, 'epsilon': 0.2, 'epsilon_step': 0.01}",,745,99,1,-123,0.08847475051879883,"[1, 2, 0, 0, 2, 2, 2, 3, 2, 3, 2, 3, 2, 3, 2, 2, 2, 2, 3, 2, 3, 2, 3, 2, 3, 2, 3, 2, 2, 2, 2, 2, 2, 2, 3, 2, 2, 2, 3, 2, 3, 2, 3, 2, 2, 2, 2, 2, 3, 2, 2, 2, 2, 2, 2, 2, 2, 2, 3, 2, 2, 3, 2, 3, 2, 3, 2, 2, 3, 2, 3, 2, 3, 2, 2, 2, 3, 2, 2, 2, 2, 3, 2, 3, 2, 3, 2, 3, 2, 2, 2, 3, 2, 3, 2, 3, 2, 3, 2, 3]",1.6641735351223965,0.04754781528921133
746,"Qlearntab_LLM_{'alpha': 0.05, 'gamma': 0.95, 'epsilon': 0.2, 'epsilon_step': 0.01}",,746,2,-1,-124,0.003000020980834961,"[2, 1, 1]",1.6491495877102662,0.04711855964886475
747,"Qlearntab_LLM_{'alpha': 0.05, 'gamma': 0.95, 'epsilon': 0.2, 'epsilon_step': 0.01}",,747,3,-1,-125,0.003999948501586914,"[0, 0, 0, 2]",1.6288266053334248,0.04653790300952643
748,"Qlearntab_LLM_{'alpha': 0.05, 'gamma': 0.95, 'epsilon': 0.2, 'epsilon_step': 0.01}",,748,1,-1,-126,0.002043485641479492,"[3, 2]",1.6104493605728523,0.04601283887351006
749,"Qlearntab_LLM_{'alpha': 0.05, 'gamma': 0.95, 'epsilon': 0.2, 'epsilon_step': 0.01}",,749,0,-1,-127,0.0009989738464355469,[2],1.5904444141212597,0.04544126897489313
750,"Qlearntab_LLM_{'alpha': 0.05, 'gamma': 0.95, 'epsilon': 0.2, 'epsilon_step': 0.01}",,750,2,-1,-128,0.003000497817993164,"[2, 0, 1]",1.577677917718185,0.04507651193480529
751,"Qlearntab_LLM_{'alpha': 0.05, 'gamma': 0.95, 'epsilon': 0.2, 'epsilon_step': 0.01}",,751,99,1,-127,0.09047508239746094,"[0, 1, 1, 3, 0, 0, 0, 2, 2, 2, 2, 3, 3, 2, 3, 2, 3, 0, 3, 2, 2, 2, 3, 2, 3, 2, 3, 2, 2, 3, 2, 3, 2, 3, 2, 3, 2, 2, 2, 2, 3, 2, 2, 2, 3, 2, 2, 2, 3, 2, 3, 2, 2, 3, 0, 3, 2, 3, 2, 2, 2, 2, 2, 3, 2, 2, 2, 3, 2, 3, 2, 3, 2, 3, 2, 3, 2, 2, 3, 2, 2, 2, 2, 3, 2, 3, 2, 3, 2, 3, 2, 3, 2, 3, 2, 2, 2, 2, 3, 2]",1.613528518771335,0.04610081482203814
752,"Qlearntab_LLM_{'alpha': 0.05, 'gamma': 0.95, 'epsilon': 0.2, 'epsilon_step': 0.01}",,752,99,1,-126,0.08849716186523438,"[2, 3, 0, 0, 2, 2, 2, 3, 2, 3, 2, 2, 3, 2, 3, 2, 2, 2, 2, 2, 3, 2, 3, 2, 3, 2, 2, 2, 3, 0, 3, 2, 3, 2, 3, 2, 2, 2, 3, 2, 3, 2, 2, 3, 2, 2, 2, 2, 2, 2, 3, 2, 3, 2, 3, 2, 2, 3, 2, 3, 2, 3, 2, 3, 2, 3, 2, 2, 3, 2, 2, 2, 2, 3, 2, 2, 3, 2, 2, 3, 2, 3, 2, 3, 2, 3, 2, 3, 2, 3, 2, 3, 2, 3, 2, 2, 3, 3, 0, 0]",1.6854372789939764,0.04815535082839933
753,"Qlearntab_LLM_{'alpha': 0.05, 'gamma': 0.95, 'epsilon': 0.2, 'epsilon_step': 0.01}",,753,0,-1,-127,0.0010023117065429688,[2],1.664499773653567,0.047557136390101916
754,"Qlearntab_LLM_{'alpha': 0.05, 'gamma': 0.95, 'epsilon': 0.2, 'epsilon_step': 0.01}",,754,99,1,-126,0.08946990966796875,"[0, 0, 0, 2, 2, 3, 2, 2, 2, 2, 2, 2, 3, 2, 3, 2, 2, 2, 2, 2, 2, 2, 3, 3, 0, 3, 2, 3, 2, 3, 2, 3, 2, 3, 0, 3, 3, 2, 3, 2, 3, 2, 3, 2, 2, 2, 3, 3, 2, 2, 3, 2, 3, 2, 3, 2, 3, 2, 3, 2, 3, 2, 3, 2, 3, 0, 3, 2, 3, 3, 2, 2, 2, 3, 2, 2, 2, 3, 2, 3, 2, 3, 2, 3, 2, 3, 2, 3, 3, 3, 2, 2, 2, 2, 2, 2, 2, 2, 2, 3]",1.6814439735175086,0.04804125638621453
755,"Qlearntab_LLM_{'alpha': 0.05, 'gamma': 0.95, 'epsilon': 0.2, 'epsilon_step': 0.01}",,755,99,1,-125,0.08848452568054199,"[1, 1, 2, 0, 0, 0, 0, 0, 0, 0, 2, 2, 2, 2, 2, 3, 2, 3, 2, 2, 2, 2, 3, 2, 3, 2, 3, 2, 2, 3, 2, 3, 2, 2, 2, 3, 2, 3, 2, 2, 2, 2, 3, 2, 2, 3, 2, 3, 2, 2, 3, 2, 2, 3, 2, 3, 2, 3, 2, 3, 3, 2, 3, 2, 3, 2, 3, 2, 2, 3, 2, 3, 2, 2, 3, 2, 3, 2, 3, 2, 2, 2, 2, 2, 3, 2, 3, 2, 2, 3, 2, 3, 2, 3, 3, 0, 3, 2, 2, 2]",1.7341615760826514,0.04954747360236147
756,"Qlearntab_LLM_{'alpha': 0.05, 'gamma': 0.95, 'epsilon': 0.2, 'epsilon_step': 0.01}",,756,10,1,-124,0.010062456130981445,"[0, 0, 0, 0, 1, 3, 0, 0, 1, 1, 1]",1.805951542674851,0.05159861550499574
757,"Qlearntab_LLM_{'alpha': 0.05, 'gamma': 0.95, 'epsilon': 0.2, 'epsilon_step': 0.01}",,757,1,-1,-125,0.0030002593994140625,"[3, 0]",1.7682948107463237,0.05052270887846639
758,"Qlearntab_LLM_{'alpha': 0.05, 'gamma': 0.95, 'epsilon': 0.2, 'epsilon_step': 0.01}",,758,1,-1,-126,0.0019996166229248047,"[3, 3]",1.7313731603940297,0.04946780458268656
759,"Qlearntab_LLM_{'alpha': 0.05, 'gamma': 0.95, 'epsilon': 0.2, 'epsilon_step': 0.01}",,759,1,-1,-127,0.0020673274993896484,"[3, 1]",1.7013070163596957,0.048608771895991304
760,"Qlearntab_LLM_{'alpha': 0.05, 'gamma': 0.95, 'epsilon': 0.2, 'epsilon_step': 0.01}",,760,0,-1,-128,0.0010027885437011719,[2],1.6804309764338718,0.048012313612396336
761,"Qlearntab_LLM_{'alpha': 0.05, 'gamma': 0.95, 'epsilon': 0.2, 'epsilon_step': 0.01}",,761,99,1,-127,0.08971595764160156,"[2, 0, 0, 1, 3, 1, 0, 1, 0, 0, 2, 2, 2, 2, 3, 2, 3, 2, 3, 2, 3, 2, 3, 2, 2, 3, 2, 3, 3, 2, 3, 2, 2, 3, 2, 3, 2, 3, 3, 2, 3, 2, 3, 2, 2, 2, 3, 0, 3, 2, 3, 2, 3, 2, 3, 2, 2, 3, 2, 3, 2, 2, 3, 2, 2, 3, 2, 2, 2, 2, 3, 2, 3, 2, 3, 2, 2, 2, 3, 2, 3, 2, 3, 2, 3, 2, 2, 2, 3, 2, 2, 2, 2, 3, 2, 3, 2, 3, 2, 2]",1.739310371215227,0.04969458203472077
762,"Qlearntab_LLM_{'alpha': 0.05, 'gamma': 0.95, 'epsilon': 0.2, 'epsilon_step': 0.01}",,762,0,-1,-128,0.0010006427764892578,[2],1.718484879627155,0.04909956798934729
763,"Qlearntab_LLM_{'alpha': 0.05, 'gamma': 0.95, 'epsilon': 0.2, 'epsilon_step': 0.01}",,763,99,1,-127,0.08878898620605469,"[0, 0, 0, 0, 2, 2, 3, 2, 3, 2, 2, 2, 3, 3, 2, 2, 2, 2, 2, 2, 2, 2, 2, 2, 2, 3, 2, 2, 3, 2, 3, 2, 3, 3, 2, 2, 2, 2, 3, 2, 2, 0, 2, 2, 2, 2, 2, 3, 2, 2, 3, 2, 2, 2, 3, 2, 3, 2, 3, 2, 2, 3, 2, 3, 2, 2, 2, 2, 2, 2, 3, 2, 3, 2, 3, 3, 2, 3, 2, 2, 2, 2, 2, 2, 2, 2, 2, 2, 3, 2, 3, 2, 2, 3, 2, 3, 2, 3, 2, 3]",1.734743430967017,0.04956409802762906
764,"Qlearntab_LLM_{'alpha': 0.05, 'gamma': 0.95, 'epsilon': 0.2, 'epsilon_step': 0.01}",,764,99,1,-126,0.09077715873718262,"[3, 1, 1, 0, 0, 2, 2, 2, 3, 2, 3, 2, 3, 0, 3, 2, 2, 3, 2, 2, 3, 2, 3, 2, 3, 2, 2, 3, 2, 3, 2, 3, 2, 3, 2, 3, 2, 2, 2, 3, 2, 2, 2, 2, 2, 3, 2, 2, 2, 2, 2, 3, 2, 3, 2, 2, 3, 2, 2, 2, 2, 3, 2, 3, 2, 3, 2, 3, 2, 3, 2, 3, 2, 2, 3, 2, 3, 2, 3, 2, 3, 2, 2, 2, 3, 2, 2, 2, 3, 2, 3, 2, 3, 2, 3, 2, 3, 2, 2, 3]",1.7683547476359982,0.05052442136102852
765,"Qlearntab_LLM_{'alpha': 0.05, 'gamma': 0.95, 'epsilon': 0.2, 'epsilon_step': 0.01}",,765,99,1,-125,0.09074831008911133,"[3, 3, 0, 0, 0, 0, 2, 2, 2, 2, 2, 3, 2, 3, 2, 2, 0, 2, 2, 2, 3, 2, 3, 2, 2, 2, 3, 2, 3, 2, 3, 2, 3, 2, 3, 2, 3, 2, 3, 0, 3, 0, 3, 2, 2, 3, 2, 2, 2, 3, 2, 2, 2, 2, 2, 3, 2, 3, 2, 2, 2, 2, 3, 2, 3, 2, 2, 2, 3, 3, 2, 3, 2, 3, 3, 2, 3, 2, 2, 2, 2, 3, 0, 3, 2, 2, 3, 0, 3, 2, 3, 2, 3, 2, 3, 0, 3, 2, 2, 3]",1.7911719034131242,0.051176340097517835
766,"Qlearntab_LLM_{'alpha': 0.05, 'gamma': 0.95, 'epsilon': 0.2, 'epsilon_step': 0.01}",,766,1,-1,-126,0.002001047134399414,"[3, 3]",1.7555537166067188,0.05015867761733482
767,"Qlearntab_LLM_{'alpha': 0.05, 'gamma': 0.95, 'epsilon': 0.2, 'epsilon_step': 0.01}",,767,4,-1,-127,0.005072832107543945,"[3, 1, 0, 0, 3]",1.730303036838762,0.04943722962396463
768,"Qlearntab_LLM_{'alpha': 0.05, 'gamma': 0.95, 'epsilon': 0.2, 'epsilon_step': 0.01}",,768,99,1,-126,0.09281325340270996,"[1, 0, 0, 2, 2, 3, 2, 2, 2, 0, 2, 2, 3, 2, 3, 2, 2, 3, 2, 2, 2, 2, 3, 0, 3, 0, 3, 2, 2, 2, 2, 2, 3, 2, 3, 2, 3, 2, 3, 2, 3, 2, 3, 2, 3, 2, 3, 2, 2, 2, 2, 2, 2, 3, 2, 2, 3, 2, 2, 2, 2, 2, 3, 2, 2, 2, 2, 3, 2, 3, 2, 3, 2, 2, 3, 2, 3, 2, 3, 2, 2, 2, 2, 3, 2, 2, 2, 3, 2, 2, 2, 3, 2, 2, 2, 2, 2, 2, 2, 2]",1.7508760382460473,0.05002502966417278
769,"Qlearntab_LLM_{'alpha': 0.05, 'gamma': 0.95, 'epsilon': 0.2, 'epsilon_step': 0.01}",,769,99,1,-125,0.08966779708862305,"[2, 0, 0, 2, 2, 2, 2, 2, 2, 3, 2, 2, 2, 2, 2, 3, 2, 3, 2, 3, 2, 3, 2, 3, 2, 2, 2, 3, 2, 2, 2, 3, 2, 2, 3, 2, 3, 2, 3, 2, 2, 3, 2, 2, 2, 2, 2, 2, 2, 3, 3, 2, 3, 2, 2, 3, 2, 3, 2, 2, 2, 3, 2, 3, 2, 2, 3, 2, 3, 2, 3, 3, 2, 3, 2, 2, 3, 2, 2, 3, 2, 2, 2, 3, 2, 3, 2, 3, 2, 2, 2, 2, 2, 2, 2, 3, 2, 2, 3, 3]",1.7866383253053748,0.05104680929443928
770,"Qlearntab_LLM_{'alpha': 0.05, 'gamma': 0.95, 'epsilon': 0.2, 'epsilon_step': 0.01}",,770,6,1,-124,0.006999969482421875,"[0, 0, 0, 2, 0, 1, 1]",1.8510231783193016,0.05288637652340862
771,"Qlearntab_LLM_{'alpha': 0.05, 'gamma': 0.95, 'epsilon': 0.2, 'epsilon_step': 0.01}",,771,0,-1,-125,0.0011110305786132812,[3],1.8164397091958158,0.05189827740559474
772,"Qlearntab_LLM_{'alpha': 0.05, 'gamma': 0.95, 'epsilon': 0.2, 'epsilon_step': 0.01}",,772,0,-1,-126,0.0010013580322265625,[3],1.7835854135285043,0.05095958324367155
773,"Qlearntab_LLM_{'alpha': 0.05, 'gamma': 0.95, 'epsilon': 0.2, 'epsilon_step': 0.01}",,773,1,-1,-127,0.001999378204345703,"[2, 1]",1.7674225594835722,0.05049778741381635
774,"Qlearntab_LLM_{'alpha': 0.05, 'gamma': 0.95, 'epsilon': 0.2, 'epsilon_step': 0.01}",,774,0,-1,-128,0.0010004043579101562,[1],1.733378005562329,0.0495250858732094
775,"Qlearntab_LLM_{'alpha': 0.05, 'gamma': 0.95, 'epsilon': 0.2, 'epsilon_step': 0.01}",,775,0,-1,-129,0.0009996891021728516,[1],1.701035679337148,0.048601019409632795
776,"Qlearntab_LLM_{'alpha': 0.05, 'gamma': 0.95, 'epsilon': 0.2, 'epsilon_step': 0.01}",,776,4,-1,-130,0.0050847530364990234,"[3, 1, 1, 0, 3]",1.7002128762882531,0.04857751075109295
777,"Qlearntab_LLM_{'alpha': 0.05, 'gamma': 0.95, 'epsilon': 0.2, 'epsilon_step': 0.01}",,777,1,-1,-131,0.001999378204345703,"[2, 0]",1.6781607337412758,0.04794744953546502
778,"Qlearntab_LLM_{'alpha': 0.05, 'gamma': 0.95, 'epsilon': 0.2, 'epsilon_step': 0.01}",,778,2,-1,-132,0.0029997825622558594,"[2, 2, 2]",1.684054710537659,0.048115848872504544
779,"Qlearntab_LLM_{'alpha': 0.05, 'gamma': 0.95, 'epsilon': 0.2, 'epsilon_step': 0.01}",,779,99,1,-131,0.08972668647766113,"[2, 0, 0, 0, 2, 2, 3, 2, 3, 2, 3, 2, 2, 2, 2, 3, 2, 3, 0, 3, 2, 3, 2, 2, 2, 2, 2, 0, 2, 0, 2, 2, 2, 2, 3, 2, 3, 2, 3, 0, 3, 2, 2, 2, 2, 2, 2, 3, 2, 2, 2, 3, 2, 3, 2, 3, 2, 2, 3, 2, 3, 2, 2, 3, 2, 3, 2, 3, 2, 3, 2, 3, 2, 3, 2, 2, 2, 3, 2, 3, 2, 2, 2, 2, 3, 2, 3, 2, 2, 2, 3, 2, 3, 2, 2, 2, 2, 2, 3, 2]",1.725034560857812,0.049286701738794625
780,"Qlearntab_LLM_{'alpha': 0.05, 'gamma': 0.95, 'epsilon': 0.2, 'epsilon_step': 0.01}",,780,99,1,-130,0.09053850173950195,"[3, 0, 0, 2, 2, 3, 2, 3, 2, 3, 2, 2, 3, 2, 2, 2, 2, 2, 3, 2, 3, 2, 3, 2, 2, 3, 2, 3, 2, 3, 2, 3, 2, 2, 2, 2, 2, 3, 2, 2, 3, 2, 3, 2, 2, 2, 2, 3, 2, 2, 3, 2, 3, 2, 2, 2, 3, 2, 3, 2, 3, 2, 2, 3, 2, 3, 2, 3, 2, 2, 3, 2, 2, 3, 2, 2, 2, 3, 2, 3, 2, 3, 2, 3, 2, 2, 2, 3, 2, 2, 2, 2, 3, 2, 3, 2, 2, 2, 3, 2]",1.7504050011353367,0.05001157146100962
781,"Qlearntab_LLM_{'alpha': 0.05, 'gamma': 0.95, 'epsilon': 0.2, 'epsilon_step': 0.01}",,781,5,1,-129,0.006046295166015625,"[0, 3, 0, 1, 1, 1]",1.816573596808238,0.051902102765949656
782,"Qlearntab_LLM_{'alpha': 0.05, 'gamma': 0.95, 'epsilon': 0.2, 'epsilon_step': 0.01}",,782,0,-1,-130,0.0,[1],1.7848267256925245,0.0509950493055007
783,"Qlearntab_LLM_{'alpha': 0.05, 'gamma': 0.95, 'epsilon': 0.2, 'epsilon_step': 0.01}",,783,99,1,-129,0.08851909637451172,"[1, 0, 0, 2, 2, 3, 0, 3, 2, 3, 0, 3, 3, 2, 2, 3, 2, 3, 2, 2, 2, 2, 3, 2, 3, 2, 2, 2, 2, 2, 3, 2, 3, 0, 3, 2, 2, 3, 2, 3, 2, 3, 2, 2, 3, 2, 3, 2, 3, 2, 3, 2, 3, 2, 3, 3, 2, 3, 2, 3, 2, 3, 2, 2, 2, 2, 3, 2, 2, 2, 2, 3, 0, 3, 3, 2, 3, 2, 2, 2, 3, 2, 3, 2, 3, 2, 2, 2, 2, 3, 2, 2, 2, 2, 2, 3, 2, 2, 3, 2]",1.8103821278449708,0.05172520365271345
784,"Qlearntab_LLM_{'alpha': 0.05, 'gamma': 0.95, 'epsilon': 0.2, 'epsilon_step': 0.01}",,784,99,1,-128,0.08947396278381348,"[1, 0, 3, 0, 0, 1, 1, 0, 0, 0, 0, 0, 0, 2, 0, 2, 2, 3, 2, 3, 2, 3, 2, 3, 2, 3, 2, 2, 0, 2, 2, 2, 2, 2, 3, 2, 3, 2, 3, 2, 2, 3, 2, 3, 2, 2, 2, 2, 3, 2, 2, 2, 3, 2, 3, 2, 3, 2, 3, 2, 3, 0, 3, 2, 3, 2, 3, 2, 3, 0, 3, 2, 3, 2, 2, 3, 2, 3, 2, 3, 2, 3, 3, 2, 3, 2, 3, 2, 3, 2, 3, 2, 2, 3, 2, 2, 2, 3, 2, 2]",1.845701350562038,0.052734324301772516
785,"Qlearntab_LLM_{'alpha': 0.05, 'gamma': 0.95, 'epsilon': 0.2, 'epsilon_step': 0.01}",,785,3,-1,-129,0.004000663757324219,"[3, 3, 1, 0]",1.8268770290109067,0.05219648654316876
786,"Qlearntab_LLM_{'alpha': 0.05, 'gamma': 0.95, 'epsilon': 0.2, 'epsilon_step': 0.01}",,786,0,-1,-130,0.0009999275207519531,[1],1.794623315471865,0.05127495187062471
787,"Qlearntab_LLM_{'alpha': 0.05, 'gamma': 0.95, 'epsilon': 0.2, 'epsilon_step': 0.01}",,787,99,1,-129,0.08951497077941895,"[3, 0, 0, 2, 2, 2, 2, 2, 2, 2, 2, 2, 2, 2, 2, 2, 2, 2, 2, 2, 3, 2, 2, 3, 2, 3, 2, 2, 3, 2, 3, 2, 2, 2, 3, 2, 3, 2, 3, 2, 3, 2, 3, 2, 3, 2, 2, 3, 3, 2, 3, 2, 3, 2, 3, 2, 3, 2, 3, 3, 2, 2, 3, 2, 3, 0, 3, 2, 3, 2, 2, 2, 2, 2, 2, 2, 3, 2, 3, 2, 3, 3, 2, 2, 2, 2, 2, 3, 2, 2, 2, 2, 3, 3, 2, 2, 2, 3, 2, 3]",1.819770857838796,0.05199345308110846
788,"Qlearntab_LLM_{'alpha': 0.05, 'gamma': 0.95, 'epsilon': 0.2, 'epsilon_step': 0.01}",,788,1,-1,-130,0.0019998550415039062,"[1, 2]",1.802833556814869,0.051509530194710544
789,"Qlearntab_LLM_{'alpha': 0.05, 'gamma': 0.95, 'epsilon': 0.2, 'epsilon_step': 0.01}",,789,5,1,-129,0.0050466060638427734,"[2, 0, 0, 0, 1, 1]",1.8760304920391992,0.053600871201119976
790,"Qlearntab_LLM_{'alpha': 0.05, 'gamma': 0.95, 'epsilon': 0.2, 'epsilon_step': 0.01}",,790,99,1,-128,0.09079504013061523,"[2, 0, 0, 0, 2, 0, 2, 2, 2, 3, 2, 3, 2, 3, 2, 3, 2, 2, 2, 3, 2, 3, 2, 3, 2, 3, 2, 3, 2, 3, 2, 3, 2, 3, 2, 3, 2, 3, 2, 2, 3, 2, 2, 2, 2, 3, 2, 2, 3, 2, 3, 0, 3, 2, 3, 2, 2, 2, 2, 2, 3, 2, 3, 2, 3, 2, 3, 2, 2, 3, 2, 3, 2, 2, 3, 2, 3, 2, 2, 3, 2, 3, 2, 3, 2, 2, 3, 3, 2, 3, 2, 2, 2, 2, 2, 3, 2, 3, 2, 3]",1.9066204621947827,0.05447487034842236
791,"Qlearntab_LLM_{'alpha': 0.05, 'gamma': 0.95, 'epsilon': 0.2, 'epsilon_step': 0.01}",,791,3,1,-127,0.003999948501586914,"[0, 0, 1, 1]",1.965964272754031,0.05617040779297231
792,"Qlearntab_LLM_{'alpha': 0.05, 'gamma': 0.95, 'epsilon': 0.2, 'epsilon_step': 0.01}",,792,99,1,-126,0.09088540077209473,"[1, 3, 0, 0, 0, 2, 2, 2, 2, 3, 2, 3, 2, 3, 2, 3, 2, 3, 2, 3, 2, 2, 3, 2, 3, 2, 3, 2, 2, 3, 2, 3, 2, 2, 3, 2, 3, 2, 2, 3, 3, 2, 3, 2, 3, 2, 2, 2, 3, 2, 3, 2, 3, 2, 3, 2, 3, 2, 2, 2, 2, 2, 3, 2, 3, 2, 2, 3, 2, 3, 2, 2, 3, 2, 3, 2, 2, 3, 2, 2, 2, 2, 2, 2, 2, 2, 2, 3, 2, 2, 2, 2, 2, 2, 3, 2, 2, 3, 2, 2]",1.9958675587715646,0.057024787393473275
793,"Qlearntab_LLM_{'alpha': 0.05, 'gamma': 0.95, 'epsilon': 0.2, 'epsilon_step': 0.01}",,793,99,1,-125,0.09102368354797363,"[0, 0, 0, 0, 2, 2, 3, 2, 2, 3, 2, 3, 2, 2, 2, 2, 3, 2, 2, 3, 2, 3, 2, 2, 3, 2, 2, 3, 2, 3, 2, 2, 3, 2, 3, 2, 2, 2, 3, 2, 2, 2, 2, 2, 0, 0, 2, 2, 2, 3, 2, 2, 3, 2, 3, 0, 3, 2, 2, 3, 2, 3, 2, 2, 3, 2, 2, 3, 2, 3, 2, 2, 2, 3, 2, 3, 2, 3, 2, 2, 2, 2, 2, 2, 2, 2, 2, 2, 3, 2, 3, 2, 3, 3, 2, 3, 3, 2, 3, 2]",2.0181780354885857,0.057662229585388164
794,"Qlearntab_LLM_{'alpha': 0.05, 'gamma': 0.95, 'epsilon': 0.2, 'epsilon_step': 0.01}",,794,5,1,-124,0.006999492645263672,"[1, 0, 0, 0, 1, 1]",2.083795688049844,0.059537019658566975
795,"Qlearntab_LLM_{'alpha': 0.05, 'gamma': 0.95, 'epsilon': 0.2, 'epsilon_step': 0.01}",,795,3,1,-123,0.003000020980834961,"[0, 0, 1, 1]",2.1395780521176926,0.06113080148907693
796,"Qlearntab_LLM_{'alpha': 0.05, 'gamma': 0.95, 'epsilon': 0.2, 'epsilon_step': 0.01}",,796,1,-1,-124,0.002057790756225586,"[0, 3]",2.1044245754028115,0.06012641644008033
797,"Qlearntab_LLM_{'alpha': 0.05, 'gamma': 0.95, 'epsilon': 0.2, 'epsilon_step': 0.01}",,797,0,-1,-125,0.0010004043579101562,[3],2.070635036139808,0.05916100103256594
798,"Qlearntab_LLM_{'alpha': 0.05, 'gamma': 0.95, 'epsilon': 0.2, 'epsilon_step': 0.01}",,798,99,1,-124,0.08840584754943848,"[2, 0, 2, 0, 0, 2, 2, 2, 2, 2, 3, 2, 3, 2, 3, 2, 2, 3, 2, 2, 3, 2, 3, 2, 3, 2, 3, 2, 2, 2, 3, 2, 3, 0, 3, 2, 2, 2, 2, 3, 2, 3, 2, 3, 2, 2, 3, 2, 3, 2, 3, 2, 3, 2, 3, 2, 3, 2, 3, 2, 3, 2, 2, 3, 2, 3, 2, 3, 2, 2, 3, 2, 2, 2, 3, 2, 3, 2, 3, 2, 2, 2, 3, 3, 2, 3, 2, 3, 2, 3, 2, 3, 2, 3, 2, 3, 2, 3, 2, 3]",2.1149791314100175,0.060427975183143356
799,"Qlearntab_LLM_{'alpha': 0.05, 'gamma': 0.95, 'epsilon': 0.2, 'epsilon_step': 0.01}",,799,99,1,-123,0.09061384201049805,"[0, 0, 0, 2, 2, 2, 2, 2, 2, 2, 0, 0, 0, 0, 2, 2, 3, 2, 3, 2, 3, 2, 3, 2, 2, 3, 2, 2, 2, 3, 2, 3, 2, 3, 2, 3, 2, 2, 2, 3, 2, 2, 2, 3, 2, 3, 2, 2, 3, 3, 2, 2, 2, 3, 3, 2, 3, 2, 3, 2, 2, 2, 2, 3, 2, 3, 2, 3, 2, 3, 2, 3, 2, 2, 3, 3, 2, 3, 2, 3, 2, 3, 2, 3, 2, 3, 2, 2, 2, 2, 3, 2, 3, 2, 3, 2, 3, 2, 3, 2]",2.12986673648767,0.06085333532821915
800,"Qlearntab_LLM_{'alpha': 0.05, 'gamma': 0.95, 'epsilon': 0.2, 'epsilon_step': 0.01}",,800,99,1,-122,0.08951902389526367,"[1, 2, 0, 0, 0, 2, 2, 3, 2, 3, 3, 3, 2, 3, 2, 3, 2, 3, 2, 3, 2, 2, 2, 3, 2, 3, 2, 3, 2, 3, 2, 3, 2, 2, 2, 3, 2, 2, 3, 2, 2, 2, 2, 3, 2, 2, 3, 2, 3, 2, 3, 2, 2, 2, 2, 2, 2, 2, 2, 3, 2, 3, 2, 3, 2, 3, 2, 3, 2, 3, 2, 2, 2, 3, 2, 3, 2, 2, 2, 3, 2, 2, 3, 2, 2, 2, 2, 2, 3, 2, 2, 2, 3, 2, 3, 0, 3, 2, 2, 0]",2.167331228522886,0.06192374938636817
801,"Qlearntab_LLM_{'alpha': 0.05, 'gamma': 0.95, 'epsilon': 0.2, 'epsilon_step': 0.01}",,801,99,1,-121,0.0884408950805664,"[0, 0, 0, 2, 2, 3, 2, 3, 2, 3, 2, 3, 2, 2, 3, 2, 3, 2, 3, 2, 3, 2, 3, 2, 2, 3, 3, 2, 3, 3, 2, 3, 2, 3, 2, 2, 2, 2, 2, 2, 2, 3, 2, 3, 2, 3, 2, 2, 3, 0, 2, 3, 1, 2, 3, 2, 3, 2, 3, 2, 3, 2, 2, 3, 2, 2, 2, 3, 2, 2, 3, 2, 3, 2, 3, 2, 2, 2, 2, 2, 2, 2, 3, 3, 2, 2, 3, 2, 2, 2, 3, 3, 2, 3, 2, 3, 2, 2, 3, 3]",2.1903923580301163,0.06258263880086047
802,"Qlearntab_LLM_{'alpha': 0.05, 'gamma': 0.95, 'epsilon': 0.2, 'epsilon_step': 0.01}",,802,3,-1,-122,0.00400090217590332,"[1, 1, 2, 2]",2.1919919576821107,0.0626283416480603
803,"Qlearntab_LLM_{'alpha': 0.05, 'gamma': 0.95, 'epsilon': 0.2, 'epsilon_step': 0.01}",,803,99,1,-121,0.08944296836853027,"[0, 0, 0, 2, 2, 2, 3, 2, 2, 2, 2, 3, 2, 3, 2, 3, 2, 2, 2, 2, 2, 3, 2, 3, 2, 3, 3, 2, 2, 2, 3, 0, 3, 2, 2, 3, 0, 3, 0, 3, 2, 2, 3, 2, 2, 3, 2, 3, 2, 2, 2, 2, 2, 2, 3, 2, 3, 2, 2, 2, 3, 2, 3, 2, 3, 2, 3, 2, 3, 2, 3, 2, 3, 2, 3, 2, 3, 2, 3, 2, 3, 2, 2, 3, 2, 3, 2, 3, 3, 2, 2, 2, 2, 2, 3, 2, 3, 2, 2, 3]",2.2051972268163786,0.06300563505189653
804,"Qlearntab_LLM_{'alpha': 0.05, 'gamma': 0.95, 'epsilon': 0.2, 'epsilon_step': 0.01}",,804,1,-1,-122,0.002002239227294922,"[3, 3]",2.1844117650287167,0.06241176471510619
805,"Qlearntab_LLM_{'alpha': 0.05, 'gamma': 0.95, 'epsilon': 0.2, 'epsilon_step': 0.01}",,805,0,-1,-123,0.0009984970092773438,[1],2.1502503307840857,0.06143572373668816
806,"Qlearntab_LLM_{'alpha': 0.05, 'gamma': 0.95, 'epsilon': 0.2, 'epsilon_step': 0.01}",,806,99,1,-122,0.08844470977783203,"[0, 2, 0, 1, 0, 0, 2, 2, 2, 2, 2, 2, 2, 2, 3, 2, 2, 3, 2, 3, 2, 2, 2, 2, 3, 2, 2, 3, 2, 2, 2, 3, 2, 3, 2, 3, 2, 3, 2, 3, 2, 2, 3, 2, 3, 2, 3, 2, 3, 2, 2, 2, 2, 2, 2, 2, 2, 3, 2, 2, 2, 2, 0, 2, 2, 3, 3, 2, 3, 2, 2, 2, 3, 2, 3, 3, 2, 3, 3, 2, 3, 2, 2, 3, 2, 3, 2, 3, 2, 2, 2, 2, 3, 2, 2, 3, 2, 2, 3, 2]",2.190670536830547,0.06259058676658706
807,"Qlearntab_LLM_{'alpha': 0.05, 'gamma': 0.95, 'epsilon': 0.2, 'epsilon_step': 0.01}",,807,4,1,-121,0.005053281784057617,"[1, 3, 0, 1, 1]",2.266722256176316,0.06476349303360902
808,"Qlearntab_LLM_{'alpha': 0.05, 'gamma': 0.95, 'epsilon': 0.2, 'epsilon_step': 0.01}",,808,0,-1,-122,0.0010001659393310547,[3],2.234443580393825,0.06384124515410929
809,"Qlearntab_LLM_{'alpha': 0.05, 'gamma': 0.95, 'epsilon': 0.2, 'epsilon_step': 0.01}",,809,5,-1,-123,0.005999326705932617,"[3, 3, 3, 0, 0, 1]",2.2278117574371326,0.06365176449820378
810,"Qlearntab_LLM_{'alpha': 0.05, 'gamma': 0.95, 'epsilon': 0.2, 'epsilon_step': 0.01}",,810,1,-1,-124,0.0009999275207519531,"[1, 1]",2.203653728475801,0.0629615350993086
811,"Qlearntab_LLM_{'alpha': 0.05, 'gamma': 0.95, 'epsilon': 0.2, 'epsilon_step': 0.01}",,811,3,-1,-125,0.004034519195556641,"[0, 0, 3, 1]",2.1838559534639135,0.06239588438468324
812,"Qlearntab_LLM_{'alpha': 0.05, 'gamma': 0.95, 'epsilon': 0.2, 'epsilon_step': 0.01}",,812,2,-1,-126,0.0020003318786621094,"[2, 1, 2]",2.1802656660274518,0.062293304743641476
813,"Qlearntab_LLM_{'alpha': 0.05, 'gamma': 0.95, 'epsilon': 0.2, 'epsilon_step': 0.01}",,813,1,-1,-127,0.002000570297241211,"[3, 3]",2.158425093111124,0.06166928837460354
814,"Qlearntab_LLM_{'alpha': 0.05, 'gamma': 0.95, 'epsilon': 0.2, 'epsilon_step': 0.01}",,814,12,-1,-128,0.012047052383422852,"[0, 3, 0, 1, 2, 0, 3, 0, 0, 0, 0, 0, 2]",2.179319423803327,0.062266269251523634
815,"Qlearntab_LLM_{'alpha': 0.05, 'gamma': 0.95, 'epsilon': 0.2, 'epsilon_step': 0.01}",,815,2,-1,-129,0.0030455589294433594,"[1, 0, 1]",2.1458847350916503,0.06131099243119001
816,"Qlearntab_LLM_{'alpha': 0.05, 'gamma': 0.95, 'epsilon': 0.2, 'epsilon_step': 0.01}",,816,0,-1,-130,0.0009999275207519531,[2],2.116581523442761,0.06047375781265032
817,"Qlearntab_LLM_{'alpha': 0.05, 'gamma': 0.95, 'epsilon': 0.2, 'epsilon_step': 0.01}",,817,1,-1,-131,0.0020008087158203125,"[2, 3]",2.0995543303229374,0.059987266580655355
818,"Qlearntab_LLM_{'alpha': 0.05, 'gamma': 0.95, 'epsilon': 0.2, 'epsilon_step': 0.01}",,818,99,1,-130,0.0885157585144043,"[3, 0, 0, 2, 2, 2, 3, 3, 2, 2, 2, 3, 2, 2, 2, 2, 3, 2, 3, 0, 3, 2, 3, 2, 2, 3, 2, 3, 2, 3, 2, 2, 2, 2, 3, 2, 3, 2, 3, 2, 2, 3, 2, 2, 3, 2, 3, 2, 2, 2, 3, 3, 2, 3, 2, 2, 2, 3, 2, 3, 2, 3, 2, 3, 2, 3, 2, 3, 2, 3, 2, 3, 2, 2, 3, 2, 3, 2, 3, 3, 2, 2, 3, 2, 3, 2, 3, 2, 3, 2, 3, 2, 3, 2, 2, 3, 3, 2, 2, 2]",2.1233687650428865,0.06066767900122533
819,"Qlearntab_LLM_{'alpha': 0.05, 'gamma': 0.95, 'epsilon': 0.2, 'epsilon_step': 0.01}",,819,3,-1,-131,0.005001068115234375,"[2, 3, 0, 0]",2.1065696617193685,0.06018770462055339
820,"Qlearntab_LLM_{'alpha': 0.05, 'gamma': 0.95, 'epsilon': 0.2, 'epsilon_step': 0.01}",,820,0,-1,-132,0.0009987354278564453,[1],2.0728467199915706,0.05922419199975916
821,"Qlearntab_LLM_{'alpha': 0.05, 'gamma': 0.95, 'epsilon': 0.2, 'epsilon_step': 0.01}",,821,99,1,-131,0.08844494819641113,"[3, 0, 2, 0, 0, 1, 0, 0, 2, 2, 2, 2, 3, 2, 3, 2, 2, 2, 3, 2, 2, 2, 3, 2, 3, 3, 2, 2, 3, 2, 3, 2, 3, 2, 3, 2, 2, 0, 2, 2, 3, 2, 3, 2, 3, 2, 3, 3, 2, 3, 2, 3, 2, 3, 2, 2, 3, 3, 2, 3, 2, 3, 2, 3, 2, 3, 2, 3, 2, 3, 2, 2, 3, 2, 3, 2, 2, 2, 2, 3, 2, 3, 2, 2, 3, 2, 2, 0, 2, 2, 3, 2, 3, 2, 3, 2, 3, 2, 2, 2]",2.1103886350513985,0.06029681814432567
822,"Qlearntab_LLM_{'alpha': 0.05, 'gamma': 0.95, 'epsilon': 0.2, 'epsilon_step': 0.01}",,822,99,1,-130,0.08959460258483887,"[3, 0, 2, 0, 0, 2, 2, 2, 3, 2, 3, 2, 3, 2, 3, 2, 3, 2, 3, 2, 3, 2, 3, 2, 3, 2, 2, 2, 2, 3, 2, 3, 2, 2, 3, 2, 3, 3, 0, 3, 0, 3, 2, 3, 2, 3, 2, 2, 2, 3, 2, 3, 2, 3, 2, 2, 2, 2, 3, 2, 2, 2, 3, 2, 2, 3, 2, 3, 2, 3, 2, 3, 2, 3, 2, 3, 2, 3, 2, 3, 2, 3, 2, 2, 2, 0, 0, 2, 2, 3, 2, 3, 2, 3, 2, 3, 0, 3, 2, 2]",2.1452808165121264,0.061293737614632186
823,"Qlearntab_LLM_{'alpha': 0.05, 'gamma': 0.95, 'epsilon': 0.2, 'epsilon_step': 0.01}",,823,99,1,-129,0.08846664428710938,"[3, 0, 0, 2, 2, 2, 3, 2, 3, 2, 3, 2, 2, 2, 2, 2, 3, 2, 3, 2, 3, 2, 2, 3, 2, 3, 2, 2, 2, 3, 2, 3, 2, 3, 0, 3, 2, 2, 2, 2, 3, 2, 2, 3, 2, 2, 3, 2, 2, 2, 2, 2, 2, 2, 2, 2, 2, 2, 2, 2, 3, 2, 3, 2, 2, 2, 3, 3, 2, 2, 3, 0, 3, 2, 3, 2, 3, 2, 3, 2, 3, 2, 2, 2, 3, 2, 2, 2, 2, 3, 2, 2, 2, 2, 2, 3, 2, 3, 2, 2]",2.165680504294746,0.061876585836992744
824,"Qlearntab_LLM_{'alpha': 0.05, 'gamma': 0.95, 'epsilon': 0.2, 'epsilon_step': 0.01}",,824,99,1,-128,0.0894918441772461,"[0, 0, 0, 0, 2, 0, 0, 0, 2, 2, 3, 2, 2, 3, 2, 3, 2, 3, 3, 2, 3, 2, 3, 0, 3, 2, 3, 2, 3, 2, 3, 2, 2, 2, 2, 3, 2, 3, 2, 3, 2, 2, 2, 3, 2, 3, 3, 2, 3, 2, 2, 2, 3, 2, 3, 2, 2, 2, 2, 2, 2, 2, 3, 2, 2, 3, 2, 3, 2, 2, 2, 3, 2, 3, 2, 3, 2, 3, 2, 2, 3, 2, 3, 2, 2, 2, 3, 2, 3, 2, 3, 2, 3, 2, 2, 3, 2, 2, 2, 2]",2.18330000444303,0.06238000012694371
825,"Qlearntab_LLM_{'alpha': 0.05, 'gamma': 0.95, 'epsilon': 0.2, 'epsilon_step': 0.01}",,825,99,1,-127,0.08928227424621582,"[0, 0, 0, 2, 2, 3, 2, 3, 2, 3, 3, 0, 3, 2, 2, 3, 3, 2, 2, 3, 2, 2, 2, 2, 3, 2, 2, 2, 2, 3, 2, 2, 2, 3, 2, 2, 0, 2, 2, 2, 3, 2, 2, 3, 2, 3, 3, 0, 3, 2, 2, 3, 2, 3, 2, 2, 3, 2, 3, 2, 3, 2, 3, 2, 3, 2, 2, 2, 2, 2, 2, 3, 2, 3, 2, 3, 2, 3, 2, 2, 2, 3, 2, 2, 3, 2, 2, 3, 2, 2, 2, 2, 3, 3, 0, 3, 2, 2, 3, 2]",2.1965628161859607,0.06275893760531316
826,"Qlearntab_LLM_{'alpha': 0.05, 'gamma': 0.95, 'epsilon': 0.2, 'epsilon_step': 0.01}",,826,1,-1,-128,0.0019996166229248047,"[2, 1]",2.1767822413662286,0.062193778324749385
827,"Qlearntab_LLM_{'alpha': 0.05, 'gamma': 0.95, 'epsilon': 0.2, 'epsilon_step': 0.01}",,827,2,-1,-129,0.003000020980834961,"[2, 0, 2]",2.1543847258574518,0.061553849310212905
828,"Qlearntab_LLM_{'alpha': 0.05, 'gamma': 0.95, 'epsilon': 0.2, 'epsilon_step': 0.01}",,828,5,-1,-130,0.006001710891723633,"[1, 0, 0, 3, 1, 3]",2.150667187851273,0.061447633938607804
829,"Qlearntab_LLM_{'alpha': 0.05, 'gamma': 0.95, 'epsilon': 0.2, 'epsilon_step': 0.01}",,829,0,-1,-131,0.0009989738464355469,[2],2.1186061463398254,0.060531604181137864
830,"Qlearntab_LLM_{'alpha': 0.05, 'gamma': 0.95, 'epsilon': 0.2, 'epsilon_step': 0.01}",,830,99,1,-130,0.08810591697692871,"[3, 1, 3, 0, 0, 0, 2, 2, 3, 2, 3, 2, 2, 2, 3, 2, 2, 3, 2, 3, 2, 3, 2, 2, 2, 2, 3, 3, 2, 3, 2, 2, 3, 2, 3, 2, 3, 2, 2, 3, 3, 2, 3, 2, 3, 2, 2, 3, 2, 3, 2, 2, 2, 2, 2, 2, 2, 2, 2, 3, 2, 2, 3, 2, 3, 3, 2, 2, 3, 2, 2, 2, 3, 2, 2, 2, 3, 3, 2, 3, 2, 3, 2, 3, 2, 3, 2, 2, 2, 3, 2, 3, 3, 2, 2, 2, 3, 2, 3, 2]",2.1623902839683242,0.06178257954195212
831,"Qlearntab_LLM_{'alpha': 0.05, 'gamma': 0.95, 'epsilon': 0.2, 'epsilon_step': 0.01}",,831,99,1,-129,0.09059476852416992,"[0, 0, 0, 0, 2, 2, 2, 3, 0, 3, 2, 2, 3, 2, 3, 2, 3, 2, 3, 2, 3, 2, 2, 2, 3, 2, 3, 2, 3, 2, 2, 3, 2, 3, 2, 3, 2, 2, 2, 2, 3, 2, 3, 2, 3, 2, 3, 2, 3, 0, 3, 2, 3, 2, 3, 2, 2, 3, 2, 3, 2, 3, 2, 2, 3, 2, 3, 2, 2, 3, 2, 3, 2, 3, 3, 2, 3, 2, 2, 2, 2, 2, 2, 2, 2, 2, 2, 3, 2, 2, 3, 2, 2, 2, 2, 3, 2, 3, 2, 3]",2.1747055618368316,0.06213444462390948
832,"Qlearntab_LLM_{'alpha': 0.05, 'gamma': 0.95, 'epsilon': 0.2, 'epsilon_step': 0.01}",,832,3,-1,-130,0.004000186920166016,"[1, 2, 1, 3]",2.1774085609132845,0.06221167316895099
833,"Qlearntab_LLM_{'alpha': 0.05, 'gamma': 0.95, 'epsilon': 0.2, 'epsilon_step': 0.01}",,833,10,1,-129,0.010114908218383789,"[0, 2, 0, 0, 0, 0, 1, 1, 0, 1, 1]",2.2413812055584756,0.06403946301595645
834,"Qlearntab_LLM_{'alpha': 0.05, 'gamma': 0.95, 'epsilon': 0.2, 'epsilon_step': 0.01}",,834,37,2,-127,0.03525066375732422,"[3, 0, 0, 0, 0, 2, 2, 3, 2, 3, 2, 3, 2, 2, 2, 3, 2, 2, 3, 2, 3, 2, 3, 1, 2, 3, 2, 3, 2, 3, 2, 3, 2, 3, 0, 3, 0, 1]",2.3381172378151285,0.06680334965186081
835,"Qlearntab_LLM_{'alpha': 0.05, 'gamma': 0.95, 'epsilon': 0.2, 'epsilon_step': 0.01}",,835,1,-1,-128,0.002000093460083008,"[0, 2]",2.305988144178737,0.06588537554796392
836,"Qlearntab_LLM_{'alpha': 0.05, 'gamma': 0.95, 'epsilon': 0.2, 'epsilon_step': 0.01}",,836,99,1,-127,0.09091496467590332,"[1, 1, 0, 1, 0, 0, 0, 0, 0, 0, 2, 2, 3, 2, 2, 2, 3, 2, 3, 2, 3, 2, 3, 2, 3, 2, 3, 2, 3, 2, 3, 2, 3, 2, 3, 2, 3, 2, 2, 3, 2, 3, 2, 3, 2, 2, 2, 2, 2, 2, 2, 3, 2, 3, 2, 2, 3, 2, 3, 2, 3, 3, 2, 2, 3, 2, 2, 2, 2, 2, 2, 2, 2, 3, 2, 2, 3, 2, 2, 3, 2, 3, 0, 3, 2, 3, 2, 2, 2, 2, 3, 2, 3, 0, 3, 2, 3, 2, 2, 2]",2.349701178818146,0.06713431939480417
837,"Qlearntab_LLM_{'alpha': 0.05, 'gamma': 0.95, 'epsilon': 0.2, 'epsilon_step': 0.01}",,837,99,1,-126,0.08957934379577637,"[2, 2, 0, 0, 2, 2, 3, 2, 2, 2, 2, 3, 2, 3, 2, 3, 2, 3, 2, 3, 2, 2, 3, 0, 3, 2, 3, 2, 2, 3, 2, 3, 2, 2, 2, 2, 2, 3, 2, 2, 2, 3, 3, 2, 2, 3, 2, 2, 2, 2, 2, 3, 2, 2, 2, 3, 2, 3, 2, 3, 2, 2, 3, 2, 3, 2, 2, 3, 2, 3, 2, 3, 2, 3, 2, 3, 2, 3, 2, 3, 2, 3, 2, 3, 2, 3, 2, 3, 2, 2, 3, 3, 2, 3, 2, 2, 2, 2, 3, 2]",2.387657966676579,0.06821879904790226
838,"Qlearntab_LLM_{'alpha': 0.05, 'gamma': 0.95, 'epsilon': 0.2, 'epsilon_step': 0.01}",,838,99,1,-125,0.08862733840942383,"[0, 0, 1, 2, 0, 0, 2, 2, 2, 2, 2, 3, 2, 3, 2, 2, 2, 3, 2, 3, 2, 3, 2, 2, 2, 2, 2, 2, 3, 2, 2, 2, 3, 2, 3, 2, 3, 2, 3, 2, 3, 3, 2, 3, 2, 2, 3, 2, 2, 3, 2, 2, 2, 3, 2, 2, 2, 3, 2, 3, 2, 3, 2, 3, 2, 3, 0, 3, 2, 3, 2, 3, 2, 2, 3, 2, 2, 2, 3, 2, 2, 3, 2, 3, 2, 3, 2, 2, 2, 2, 3, 0, 3, 2, 3, 2, 3, 3, 2, 3]",2.4222281787036,0.06920651939153143
839,"Qlearntab_LLM_{'alpha': 0.05, 'gamma': 0.95, 'epsilon': 0.2, 'epsilon_step': 0.01}",,839,0,-1,-126,0.0009999275207519531,[2],2.388392816489777,0.06823979475685078
840,"Qlearntab_LLM_{'alpha': 0.05, 'gamma': 0.95, 'epsilon': 0.2, 'epsilon_step': 0.01}",,840,0,-1,-127,0.0010004043579101562,[2],2.3562492223866456,0.06732140635390416
841,"Qlearntab_LLM_{'alpha': 0.05, 'gamma': 0.95, 'epsilon': 0.2, 'epsilon_step': 0.01}",,841,99,1,-126,0.08853650093078613,"[2, 2, 0, 1, 1, 0, 0, 0, 0, 0, 0, 0, 0, 2, 2, 3, 2, 3, 2, 3, 2, 3, 2, 3, 2, 2, 3, 2, 3, 2, 2, 2, 2, 3, 2, 3, 2, 3, 2, 2, 3, 2, 3, 2, 2, 2, 3, 2, 2, 2, 3, 2, 3, 2, 3, 2, 3, 2, 3, 2, 3, 0, 3, 2, 3, 0, 3, 2, 3, 2, 0, 0, 3, 2, 3, 2, 3, 2, 2, 2, 2, 3, 2, 2, 2, 3, 2, 3, 3, 2, 2, 2, 3, 2, 2, 3, 2, 3, 2, 2]",2.4006855871176915,0.06859101677479118
842,"Qlearntab_LLM_{'alpha': 0.05, 'gamma': 0.95, 'epsilon': 0.2, 'epsilon_step': 0.01}",,842,99,1,-125,0.08964180946350098,"[2, 1, 1, 1, 0, 0, 0, 0, 0, 0, 0, 0, 2, 2, 3, 2, 3, 3, 2, 3, 2, 2, 2, 3, 0, 3, 2, 2, 2, 3, 2, 3, 2, 2, 2, 3, 2, 3, 2, 3, 2, 3, 2, 3, 2, 2, 3, 2, 3, 2, 2, 3, 2, 2, 2, 2, 2, 3, 2, 3, 3, 2, 2, 2, 3, 2, 3, 3, 2, 2, 2, 2, 2, 2, 3, 2, 3, 2, 2, 3, 2, 3, 2, 3, 2, 3, 0, 3, 2, 3, 2, 2, 2, 2, 3, 2, 3, 2, 2, 2]",2.4546182426504397,0.07013194979001257
843,"Qlearntab_LLM_{'alpha': 0.05, 'gamma': 0.95, 'epsilon': 0.2, 'epsilon_step': 0.01}",,843,4,-1,-126,0.004065275192260742,"[3, 0, 1, 3, 2]",2.452736395207694,0.07007818272021983
844,"Qlearntab_LLM_{'alpha': 0.05, 'gamma': 0.95, 'epsilon': 0.2, 'epsilon_step': 0.01}",,844,1,-1,-127,0.002002239227294922,"[1, 2]",2.4297942357229614,0.06942269244922747
845,"Qlearntab_LLM_{'alpha': 0.05, 'gamma': 0.95, 'epsilon': 0.2, 'epsilon_step': 0.01}",,845,99,1,-126,0.08973097801208496,"[3, 0, 0, 0, 0, 0, 0, 0, 0, 2, 2, 3, 3, 2, 2, 2, 3, 2, 2, 2, 2, 3, 3, 2, 3, 2, 2, 3, 2, 2, 3, 2, 3, 2, 3, 2, 2, 2, 3, 2, 3, 0, 3, 2, 2, 2, 2, 3, 2, 3, 2, 2, 3, 2, 2, 3, 2, 3, 3, 2, 2, 3, 2, 3, 2, 3, 2, 3, 2, 3, 2, 3, 2, 2, 2, 2, 3, 2, 2, 2, 2, 2, 2, 2, 2, 3, 2, 3, 3, 2, 3, 0, 3, 2, 2, 2, 3, 0, 3, 2]",2.454106256066202,0.07011732160189148
846,"Qlearntab_LLM_{'alpha': 0.05, 'gamma': 0.95, 'epsilon': 0.2, 'epsilon_step': 0.01}",,846,99,1,-125,0.08860468864440918,"[1, 2, 0, 0, 0, 0, 2, 2, 2, 2, 3, 2, 2, 2, 3, 2, 3, 2, 2, 2, 2, 2, 3, 2, 3, 2, 3, 3, 2, 2, 2, 3, 2, 2, 3, 2, 2, 2, 2, 2, 3, 2, 2, 2, 2, 2, 3, 2, 3, 2, 2, 2, 2, 3, 3, 2, 3, 3, 2, 3, 2, 3, 2, 2, 3, 2, 3, 2, 3, 2, 3, 2, 3, 2, 3, 2, 3, 2, 3, 2, 3, 2, 3, 3, 2, 2, 2, 2, 2, 3, 2, 3, 2, 2, 3, 2, 3, 2, 3, 0]",2.4884217326785896,0.07109776379081685
847,"Qlearntab_LLM_{'alpha': 0.05, 'gamma': 0.95, 'epsilon': 0.2, 'epsilon_step': 0.01}",,847,0,-1,-126,0.0010001659393310547,[2],2.4575924759706798,0.07021692788487656
848,"Qlearntab_LLM_{'alpha': 0.05, 'gamma': 0.95, 'epsilon': 0.2, 'epsilon_step': 0.01}",,848,1,-1,-127,0.001999378204345703,"[1, 1]",2.426813589356469,0.06933753112447054
849,"Qlearntab_LLM_{'alpha': 0.05, 'gamma': 0.95, 'epsilon': 0.2, 'epsilon_step': 0.01}",,849,2,-1,-128,0.003000497817993164,"[2, 0, 2]",2.414143862795447,0.06897553893701276
850,"Qlearntab_LLM_{'alpha': 0.05, 'gamma': 0.95, 'epsilon': 0.2, 'epsilon_step': 0.01}",,850,0,-1,-129,0.0010569095611572266,[0],2.36670707528762,0.06762020215107485
851,"Qlearntab_LLM_{'alpha': 0.05, 'gamma': 0.95, 'epsilon': 0.2, 'epsilon_step': 0.01}",,851,6,-1,-130,0.006000041961669922,"[2, 0, 1, 1, 1, 1, 1]",2.335019315549151,0.0667148375871186
852,"Qlearntab_LLM_{'alpha': 0.05, 'gamma': 0.95, 'epsilon': 0.2, 'epsilon_step': 0.01}",,852,99,1,-129,0.09357500076293945,"[1, 2, 0, 0, 1, 1, 0, 0, 0, 0, 2, 2, 2, 3, 2, 2, 3, 2, 3, 2, 3, 2, 2, 2, 2, 3, 2, 2, 3, 2, 2, 2, 2, 3, 2, 3, 0, 0, 3, 2, 2, 2, 2, 2, 3, 2, 2, 0, 2, 2, 3, 2, 2, 3, 2, 3, 2, 2, 3, 2, 2, 2, 2, 3, 2, 2, 3, 2, 2, 2, 2, 2, 2, 2, 3, 2, 2, 3, 2, 3, 2, 2, 3, 2, 3, 3, 2, 3, 2, 3, 2, 3, 2, 2, 3, 2, 2, 2, 2, 3]",2.3728733359760232,0.06779638102788638
853,"Qlearntab_LLM_{'alpha': 0.05, 'gamma': 0.95, 'epsilon': 0.2, 'epsilon_step': 0.01}",,853,0,-1,-130,0.0010013580322265625,[3],2.335889430672704,0.06673969801922011
854,"Qlearntab_LLM_{'alpha': 0.05, 'gamma': 0.95, 'epsilon': 0.2, 'epsilon_step': 0.01}",,854,1,-1,-131,0.0020003318786621094,"[3, 2]",2.315408418818184,0.0661545262519481
855,"Qlearntab_LLM_{'alpha': 0.05, 'gamma': 0.95, 'epsilon': 0.2, 'epsilon_step': 0.01}",,855,1,-1,-132,0.0019998550415039062,"[0, 1]",2.277815856534677,0.06508045304384791
856,"Qlearntab_LLM_{'alpha': 0.05, 'gamma': 0.95, 'epsilon': 0.2, 'epsilon_step': 0.01}",,856,99,1,-131,0.0899362564086914,"[0, 0, 0, 0, 2, 2, 2, 2, 3, 2, 3, 2, 3, 3, 2, 2, 3, 2, 3, 2, 2, 3, 2, 2, 3, 2, 2, 2, 2, 2, 2, 2, 3, 2, 3, 2, 2, 3, 2, 2, 3, 2, 3, 3, 2, 3, 2, 3, 2, 3, 2, 3, 0, 3, 2, 3, 3, 2, 3, 2, 3, 2, 2, 2, 2, 3, 2, 2, 3, 2, 2, 2, 3, 2, 3, 3, 2, 3, 2, 2, 3, 2, 3, 2, 2, 0, 0, 0, 0, 2, 2, 3, 2, 3, 2, 3, 2, 3, 2, 3]",2.2877763155666355,0.06536503758761816
857,"Qlearntab_LLM_{'alpha': 0.05, 'gamma': 0.95, 'epsilon': 0.2, 'epsilon_step': 0.01}",,857,3,-1,-132,0.0040018558502197266,"[3, 0, 0, 1]",2.2516493711976486,0.06433283917707568
858,"Qlearntab_LLM_{'alpha': 0.05, 'gamma': 0.95, 'epsilon': 0.2, 'epsilon_step': 0.01}",,858,99,1,-131,0.0895688533782959,"[0, 0, 0, 2, 0, 1, 0, 0, 0, 2, 2, 3, 2, 2, 3, 2, 3, 2, 3, 2, 2, 2, 2, 3, 2, 3, 2, 3, 2, 3, 2, 2, 2, 2, 2, 3, 2, 3, 2, 2, 2, 3, 2, 3, 2, 3, 2, 3, 2, 3, 2, 3, 2, 3, 2, 2, 3, 2, 3, 2, 2, 2, 3, 2, 3, 2, 2, 3, 2, 2, 2, 2, 2, 3, 2, 3, 2, 2, 2, 3, 2, 3, 2, 2, 2, 3, 2, 3, 2, 2, 2, 3, 2, 2, 3, 0, 3, 2, 2, 3]",2.291291110166076,0.06546546029045931
859,"Qlearntab_LLM_{'alpha': 0.05, 'gamma': 0.95, 'epsilon': 0.2, 'epsilon_step': 0.01}",,859,99,1,-130,0.09067916870117188,"[3, 1, 2, 0, 3, 1, 0, 0, 2, 2, 2, 2, 3, 2, 3, 2, 2, 3, 2, 3, 2, 2, 2, 3, 2, 3, 2, 3, 2, 2, 3, 2, 3, 2, 3, 2, 3, 2, 3, 2, 3, 2, 3, 3, 2, 3, 2, 2, 3, 2, 2, 3, 2, 2, 2, 2, 2, 3, 2, 2, 2, 3, 2, 2, 2, 2, 3, 2, 2, 2, 3, 2, 2, 3, 2, 2, 2, 3, 2, 3, 2, 2, 2, 3, 2, 3, 2, 2, 3, 2, 2, 2, 2, 2, 3, 0, 3, 2, 3, 2]",2.361412700401886,0.06746893429719673
860,"Qlearntab_LLM_{'alpha': 0.05, 'gamma': 0.95, 'epsilon': 0.2, 'epsilon_step': 0.01}",,860,0,-1,-131,0.0010001659393310547,[0],2.3138768702446004,0.06611076772127429
861,"Qlearntab_LLM_{'alpha': 0.05, 'gamma': 0.95, 'epsilon': 0.2, 'epsilon_step': 0.01}",,861,99,1,-130,0.08852410316467285,"[1, 0, 0, 0, 2, 2, 3, 2, 2, 2, 3, 2, 3, 2, 3, 2, 3, 2, 3, 2, 3, 3, 2, 3, 2, 2, 3, 2, 3, 2, 2, 2, 3, 0, 3, 2, 3, 2, 2, 2, 3, 2, 3, 3, 2, 3, 2, 3, 2, 3, 2, 2, 2, 2, 2, 2, 2, 2, 3, 2, 3, 2, 2, 2, 2, 2, 2, 3, 2, 3, 2, 3, 0, 3, 2, 3, 2, 3, 2, 3, 3, 2, 3, 2, 2, 1, 0, 0, 0, 0, 0, 0, 2, 2, 2, 3, 2, 2, 2, 3]",2.340107838124046,0.06686022394640131
862,"Qlearntab_LLM_{'alpha': 0.05, 'gamma': 0.95, 'epsilon': 0.2, 'epsilon_step': 0.01}",,862,99,1,-129,0.08960175514221191,"[0, 0, 0, 2, 2, 2, 3, 2, 3, 2, 2, 2, 2, 2, 3, 2, 3, 2, 3, 2, 3, 2, 3, 3, 2, 2, 3, 2, 3, 2, 3, 2, 2, 2, 3, 2, 2, 2, 3, 2, 2, 2, 3, 2, 3, 2, 3, 2, 2, 3, 2, 3, 3, 2, 2, 2, 2, 2, 2, 2, 2, 3, 0, 3, 2, 3, 2, 3, 2, 3, 3, 2, 3, 2, 2, 2, 2, 2, 2, 2, 3, 2, 3, 2, 2, 2, 2, 2, 2, 3, 2, 3, 2, 2, 2, 3, 2, 2, 2, 3]",2.3496357088935076,0.06713244882552878
863,"Qlearntab_LLM_{'alpha': 0.05, 'gamma': 0.95, 'epsilon': 0.2, 'epsilon_step': 0.01}",,863,0,-1,-130,0.0010712146759033203,[1],2.310819718942421,0.06602342054121203
864,"Qlearntab_LLM_{'alpha': 0.05, 'gamma': 0.95, 'epsilon': 0.2, 'epsilon_step': 0.01}",,864,0,-1,-131,0.001003265380859375,[2],2.278673378494549,0.06510495367127282
865,"Qlearntab_LLM_{'alpha': 0.05, 'gamma': 0.95, 'epsilon': 0.2, 'epsilon_step': 0.01}",,865,0,-1,-132,0.0,[0],2.2329951059587883,0.06379986017025109
866,"Qlearntab_LLM_{'alpha': 0.05, 'gamma': 0.95, 'epsilon': 0.2, 'epsilon_step': 0.01}",,866,1,-1,-133,0.00099945068359375,"[3, 3]",2.2017613727669065,0.06290746779334018
867,"Qlearntab_LLM_{'alpha': 0.05, 'gamma': 0.95, 'epsilon': 0.2, 'epsilon_step': 0.01}",,867,99,1,-132,0.09275102615356445,"[0, 0, 0, 2, 2, 2, 2, 3, 2, 2, 2, 2, 2, 3, 2, 3, 2, 3, 2, 2, 3, 2, 3, 2, 3, 2, 2, 3, 2, 2, 3, 2, 3, 2, 2, 3, 2, 3, 2, 3, 2, 3, 3, 2, 2, 2, 2, 3, 2, 2, 3, 2, 3, 2, 2, 2, 3, 2, 3, 2, 3, 2, 2, 3, 2, 2, 3, 2, 2, 2, 2, 2, 2, 3, 2, 3, 0, 2, 3, 2, 2, 3, 2, 2, 3, 2, 2, 2, 2, 2, 3, 2, 3, 2, 3, 2, 2, 3, 2, 3]",2.2155528599859395,0.06330151028531256
868,"Qlearntab_LLM_{'alpha': 0.05, 'gamma': 0.95, 'epsilon': 0.2, 'epsilon_step': 0.01}",,868,2,-1,-133,0.0030927658081054688,"[0, 1, 0]",2.1792760939973594,0.062265031257067414
869,"Qlearntab_LLM_{'alpha': 0.05, 'gamma': 0.95, 'epsilon': 0.2, 'epsilon_step': 0.01}",,869,1,-1,-134,0.003000497817993164,"[3, 0]",2.143927629284104,0.061255075122402976
870,"Qlearntab_LLM_{'alpha': 0.05, 'gamma': 0.95, 'epsilon': 0.2, 'epsilon_step': 0.01}",,870,99,1,-133,0.0906374454498291,"[3, 2, 1, 0, 0, 0, 0, 0, 2, 2, 3, 2, 3, 2, 3, 2, 3, 2, 3, 2, 3, 2, 3, 2, 2, 2, 2, 2, 3, 2, 2, 3, 2, 3, 2, 2, 2, 2, 3, 2, 2, 3, 2, 3, 2, 2, 3, 3, 2, 3, 2, 2, 2, 2, 2, 2, 2, 3, 3, 3, 2, 2, 3, 0, 3, 2, 3, 2, 3, 2, 3, 2, 2, 3, 2, 3, 2, 2, 3, 3, 0, 3, 3, 2, 3, 2, 3, 2, 2, 2, 3, 2, 2, 3, 2, 2, 2, 3, 3, 2]",2.177339624770986,0.06220970356488531
871,"Qlearntab_LLM_{'alpha': 0.05, 'gamma': 0.95, 'epsilon': 0.2, 'epsilon_step': 0.01}",,871,99,1,-132,0.08965086936950684,"[3, 0, 0, 2, 2, 2, 3, 2, 3, 3, 2, 3, 2, 2, 3, 2, 3, 2, 3, 2, 3, 2, 2, 2, 3, 2, 3, 2, 2, 3, 2, 3, 0, 3, 2, 3, 2, 2, 3, 2, 2, 2, 3, 2, 3, 3, 2, 2, 0, 2, 2, 2, 2, 3, 2, 3, 2, 2, 2, 2, 3, 2, 2, 2, 3, 2, 2, 3, 2, 3, 2, 2, 2, 2, 3, 2, 2, 2, 3, 2, 3, 2, 3, 2, 2, 2, 2, 2, 2, 2, 2, 3, 2, 3, 2, 2, 2, 3, 2, 2]",2.1964844804599597,0.06275669944171314
872,"Qlearntab_LLM_{'alpha': 0.05, 'gamma': 0.95, 'epsilon': 0.2, 'epsilon_step': 0.01}",,872,99,1,-131,0.09175252914428711,"[3, 0, 3, 0, 3, 1, 0, 0, 2, 2, 3, 2, 3, 2, 2, 3, 2, 2, 2, 3, 2, 2, 2, 3, 2, 2, 2, 2, 3, 2, 3, 2, 2, 3, 2, 3, 2, 2, 3, 2, 2, 3, 2, 2, 2, 2, 2, 2, 2, 2, 2, 2, 3, 2, 2, 2, 3, 2, 2, 2, 3, 2, 3, 3, 2, 2, 2, 2, 2, 3, 2, 3, 2, 3, 2, 3, 3, 2, 3, 2, 3, 3, 2, 3, 2, 2, 3, 2, 3, 2, 3, 2, 2, 2, 3, 3, 2, 2, 3, 2]",2.223656306710482,0.0635330373345852
873,"Qlearntab_LLM_{'alpha': 0.05, 'gamma': 0.95, 'epsilon': 0.2, 'epsilon_step': 0.01}",,873,99,1,-130,0.09160208702087402,"[0, 3, 1, 0, 0, 0, 0, 2, 2, 2, 3, 2, 2, 2, 3, 2, 3, 2, 2, 2, 2, 3, 2, 2, 2, 2, 2, 3, 2, 2, 2, 2, 2, 2, 2, 2, 2, 3, 2, 2, 2, 2, 0, 2, 2, 3, 2, 3, 2, 2, 2, 2, 2, 3, 2, 3, 2, 2, 3, 2, 3, 2, 3, 2, 3, 2, 2, 2, 2, 3, 2, 3, 2, 3, 2, 2, 2, 3, 2, 3, 2, 3, 3, 2, 3, 2, 3, 2, 2, 2, 2, 2, 2, 2, 2, 3, 2, 3, 2, 3]",2.243838460351865,0.06410967029576757
874,"Qlearntab_LLM_{'alpha': 0.05, 'gamma': 0.95, 'epsilon': 0.2, 'epsilon_step': 0.01}",,874,0,-1,-131,0.0009999275207519531,[0],2.2040562007973072,0.06297303430849449
875,"Qlearntab_LLM_{'alpha': 0.05, 'gamma': 0.95, 'epsilon': 0.2, 'epsilon_step': 0.01}",,875,99,1,-130,0.08971619606018066,"[1, 0, 0, 0, 0, 0, 2, 2, 2, 2, 2, 2, 3, 2, 2, 2, 3, 2, 3, 2, 3, 2, 3, 2, 3, 2, 3, 2, 3, 2, 2, 2, 3, 2, 3, 2, 2, 3, 2, 3, 2, 2, 2, 3, 2, 2, 3, 2, 2, 2, 2, 2, 3, 2, 3, 3, 2, 2, 2, 3, 2, 3, 2, 3, 2, 3, 2, 2, 2, 2, 2, 2, 2, 2, 3, 2, 3, 2, 3, 2, 2, 3, 2, 3, 2, 3, 2, 3, 2, 3, 2, 2, 3, 0, 3, 2, 3, 2, 3, 2]",2.220523142933834,0.06344351836953811
876,"Qlearntab_LLM_{'alpha': 0.05, 'gamma': 0.95, 'epsilon': 0.2, 'epsilon_step': 0.01}",,876,99,1,-129,0.08978533744812012,"[1, 1, 0, 0, 2, 2, 3, 0, 2, 3, 2, 3, 2, 3, 2, 2, 0, 2, 2, 2, 2, 3, 3, 2, 3, 2, 3, 2, 2, 2, 3, 3, 2, 2, 2, 2, 3, 3, 2, 3, 2, 2, 0, 2, 2, 2, 2, 0, 0, 0, 2, 2, 2, 3, 3, 2, 3, 2, 3, 2, 2, 3, 2, 3, 0, 3, 2, 3, 2, 3, 2, 3, 2, 3, 2, 3, 2, 2, 2, 2, 3, 0, 3, 2, 3, 2, 3, 3, 2, 3, 2, 2, 2, 3, 2, 2, 2, 3, 2, 2]",2.2482032599898,0.06423437885685143
877,"Qlearntab_LLM_{'alpha': 0.05, 'gamma': 0.95, 'epsilon': 0.2, 'epsilon_step': 0.01}",,877,99,1,-128,0.09046292304992676,"[1, 2, 0, 0, 0, 0, 2, 2, 2, 2, 3, 2, 2, 2, 2, 3, 2, 3, 2, 2, 3, 2, 3, 2, 3, 2, 3, 2, 3, 2, 2, 3, 2, 3, 3, 2, 2, 2, 3, 2, 3, 2, 3, 2, 3, 0, 3, 2, 3, 2, 2, 3, 2, 2, 0, 2, 2, 3, 0, 3, 2, 2, 2, 3, 2, 3, 2, 3, 2, 3, 2, 3, 2, 2, 3, 3, 3, 2, 3, 2, 3, 3, 2, 3, 2, 2, 2, 2, 2, 2, 3, 2, 2, 2, 2, 3, 2, 3, 2, 3]",2.274294300983555,0.0649798371709587
878,"Qlearntab_LLM_{'alpha': 0.05, 'gamma': 0.95, 'epsilon': 0.2, 'epsilon_step': 0.01}",,878,0,-1,-129,0.0009999275207519531,[3],2.2357915257533056,0.06387975787866587
879,"Qlearntab_LLM_{'alpha': 0.05, 'gamma': 0.95, 'epsilon': 0.2, 'epsilon_step': 0.01}",,879,1,-1,-130,0.0020644664764404297,"[3, 2]",2.208804380961998,0.06310869659891423
880,"Qlearntab_LLM_{'alpha': 0.05, 'gamma': 0.95, 'epsilon': 0.2, 'epsilon_step': 0.01}",,880,1,-1,-131,0.002000093460083008,"[1, 3]",2.1723903428000892,0.06206829550857398
881,"Qlearntab_LLM_{'alpha': 0.05, 'gamma': 0.95, 'epsilon': 0.2, 'epsilon_step': 0.01}",,881,2,-1,-132,0.003000020980834961,"[3, 2, 0]",2.152709044274822,0.061505972693566335
882,"Qlearntab_LLM_{'alpha': 0.05, 'gamma': 0.95, 'epsilon': 0.2, 'epsilon_step': 0.01}",,882,99,1,-131,0.08872556686401367,"[1, 2, 0, 0, 0, 0, 2, 2, 2, 2, 3, 2, 3, 2, 2, 3, 2, 2, 3, 2, 2, 3, 2, 2, 3, 2, 3, 2, 3, 2, 3, 2, 2, 3, 2, 2, 3, 2, 3, 2, 3, 2, 3, 2, 2, 3, 2, 2, 2, 3, 2, 3, 2, 2, 3, 2, 2, 2, 3, 2, 2, 2, 2, 3, 3, 2, 2, 2, 3, 2, 3, 2, 2, 2, 2, 2, 3, 2, 3, 2, 3, 2, 3, 2, 3, 2, 3, 2, 3, 2, 2, 0, 2, 2, 3, 2, 2, 3, 2, 3]",2.1848232672780568,0.06242352192223019
883,"Qlearntab_LLM_{'alpha': 0.05, 'gamma': 0.95, 'epsilon': 0.2, 'epsilon_step': 0.01}",,883,99,1,-130,0.08968591690063477,"[0, 0, 0, 1, 0, 0, 2, 2, 3, 2, 3, 2, 3, 2, 2, 2, 2, 2, 3, 2, 3, 2, 2, 3, 2, 3, 3, 2, 3, 3, 2, 2, 3, 2, 2, 3, 2, 3, 3, 2, 3, 2, 3, 2, 2, 3, 2, 3, 2, 3, 2, 3, 2, 3, 2, 3, 2, 3, 2, 2, 3, 2, 3, 2, 2, 2, 3, 2, 2, 3, 2, 2, 2, 2, 2, 2, 2, 3, 2, 3, 2, 3, 2, 2, 2, 3, 2, 3, 2, 3, 2, 3, 2, 3, 0, 3, 2, 3, 2, 2]",2.2100674040147803,0.06314478297185086
884,"Qlearntab_LLM_{'alpha': 0.05, 'gamma': 0.95, 'epsilon': 0.2, 'epsilon_step': 0.01}",,884,1,-1,-131,0.002000093460083008,"[1, 3]",2.1751135546471203,0.06214610156134629
885,"Qlearntab_LLM_{'alpha': 0.05, 'gamma': 0.95, 'epsilon': 0.2, 'epsilon_step': 0.01}",,885,99,1,-130,0.0885932445526123,"[2, 0, 0, 2, 2, 2, 2, 1, 2, 2, 2, 2, 2, 3, 2, 3, 2, 3, 2, 2, 3, 2, 2, 3, 2, 2, 2, 2, 2, 2, 2, 3, 2, 3, 2, 2, 2, 2, 0, 2, 2, 2, 2, 2, 2, 3, 2, 2, 2, 2, 2, 2, 3, 2, 2, 2, 3, 2, 3, 2, 3, 2, 3, 2, 3, 2, 2, 3, 2, 3, 2, 3, 2, 3, 2, 3, 2, 3, 2, 2, 3, 2, 3, 2, 3, 2, 3, 2, 2, 2, 2, 3, 2, 3, 2, 3, 2, 2, 2, 3]",2.2012773477990573,0.0628936385085445
886,"Qlearntab_LLM_{'alpha': 0.05, 'gamma': 0.95, 'epsilon': 0.2, 'epsilon_step': 0.01}",,886,0,-1,-131,0.001001119613647461,[3],2.1677002122157587,0.0619342917775931
887,"Qlearntab_LLM_{'alpha': 0.05, 'gamma': 0.95, 'epsilon': 0.2, 'epsilon_step': 0.01}",,887,99,1,-130,0.08957743644714355,"[0, 0, 0, 2, 2, 3, 2, 2, 2, 3, 2, 3, 2, 2, 3, 2, 3, 2, 3, 2, 2, 3, 2, 3, 2, 3, 2, 3, 2, 2, 2, 2, 2, 0, 0, 0, 2, 2, 3, 2, 2, 2, 2, 2, 3, 2, 2, 3, 2, 2, 0, 0, 2, 2, 2, 2, 3, 2, 2, 2, 3, 2, 2, 3, 2, 2, 2, 3, 2, 3, 2, 3, 3, 2, 2, 2, 2, 3, 2, 2, 2, 3, 2, 3, 2, 2, 2, 3, 2, 2, 3, 2, 2, 2, 2, 2, 2, 3, 2, 2]",2.1862812317642315,0.06246517805040661
888,"Qlearntab_LLM_{'alpha': 0.05, 'gamma': 0.95, 'epsilon': 0.2, 'epsilon_step': 0.01}",,888,0,-1,-131,0.0009999275207519531,[1],2.1440717841286814,0.06125919383224804
889,"Qlearntab_LLM_{'alpha': 0.05, 'gamma': 0.95, 'epsilon': 0.2, 'epsilon_step': 0.01}",,889,99,1,-130,0.08858180046081543,"[0, 2, 0, 0, 0, 0, 0, 0, 0, 0, 0, 2, 2, 2, 2, 3, 2, 3, 2, 3, 2, 2, 3, 2, 3, 2, 3, 2, 2, 3, 2, 3, 2, 2, 2, 2, 2, 3, 2, 2, 3, 2, 2, 2, 2, 3, 2, 3, 2, 2, 2, 3, 2, 3, 2, 3, 2, 3, 2, 2, 2, 2, 3, 2, 3, 2, 3, 2, 3, 2, 2, 2, 2, 3, 2, 2, 3, 2, 3, 2, 2, 2, 2, 2, 3, 3, 2, 3, 2, 3, 2, 2, 2, 2, 0, 0, 0, 0, 0, 0]",2.172488798132184,0.0620711085180624
890,"Qlearntab_LLM_{'alpha': 0.05, 'gamma': 0.95, 'epsilon': 0.2, 'epsilon_step': 0.01}",,890,1,-1,-131,0.0020008087158203125,"[0, 2]",2.1396119733874635,0.061131770668213244
891,"Qlearntab_LLM_{'alpha': 0.05, 'gamma': 0.95, 'epsilon': 0.2, 'epsilon_step': 0.01}",,891,99,1,-130,0.09056448936462402,"[1, 1, 3, 1, 0, 1, 0, 0, 2, 2, 3, 2, 3, 2, 2, 2, 3, 0, 3, 2, 3, 3, 0, 3, 2, 2, 3, 2, 2, 3, 2, 2, 2, 2, 2, 2, 2, 3, 2, 2, 2, 3, 2, 3, 2, 3, 2, 3, 2, 3, 2, 3, 2, 3, 2, 3, 2, 3, 2, 2, 3, 2, 2, 3, 2, 3, 2, 3, 2, 3, 2, 3, 2, 3, 3, 2, 3, 2, 3, 2, 2, 2, 2, 2, 2, 0, 0, 0, 2, 2, 2, 2, 3, 2, 3, 2, 3, 2, 3, 2]",2.171460020091744,0.06204171485976411
892,"Qlearntab_LLM_{'alpha': 0.05, 'gamma': 0.95, 'epsilon': 0.2, 'epsilon_step': 0.01}",,892,0,-1,-131,0.0009999275207519531,[0],2.1306926745276784,0.060876933557933666
893,"Qlearntab_LLM_{'alpha': 0.05, 'gamma': 0.95, 'epsilon': 0.2, 'epsilon_step': 0.01}",,893,0,-1,-132,0.0010590553283691406,[3],2.0983289598749866,0.059952255996428186
894,"Qlearntab_LLM_{'alpha': 0.05, 'gamma': 0.95, 'epsilon': 0.2, 'epsilon_step': 0.01}",,894,0,-1,-133,0.0010001659393310547,[1],2.0572972425704408,0.058779921216298305
895,"Qlearntab_LLM_{'alpha': 0.05, 'gamma': 0.95, 'epsilon': 0.2, 'epsilon_step': 0.01}",,895,0,-1,-134,0.0009999275207519531,[2],2.0256235069714927,0.05787495734204265
896,"Qlearntab_LLM_{'alpha': 0.05, 'gamma': 0.95, 'epsilon': 0.2, 'epsilon_step': 0.01}",,896,6,-1,-135,0.006000041961669922,"[0, 2, 1, 0, 0, 0, 1]",1.9956388416866186,0.057018252619617675
897,"Qlearntab_LLM_{'alpha': 0.05, 'gamma': 0.95, 'epsilon': 0.2, 'epsilon_step': 0.01}",,897,4,-1,-136,0.006064414978027344,"[2, 0, 3, 2, 2]",1.9943455066304683,0.056981300189441954
898,"Qlearntab_LLM_{'alpha': 0.05, 'gamma': 0.95, 'epsilon': 0.2, 'epsilon_step': 0.01}",,898,4,-1,-137,0.004000663757324219,"[2, 0, 0, 3, 3]",1.9833537758648598,0.056667250738996
899,"Qlearntab_LLM_{'alpha': 0.05, 'gamma': 0.95, 'epsilon': 0.2, 'epsilon_step': 0.01}",,899,3,1,-136,0.004040956497192383,"[0, 0, 1, 1]",2.0409325333405524,0.058312358095444355
900,"Qlearntab_LLM_{'alpha': 0.05, 'gamma': 0.95, 'epsilon': 0.2, 'epsilon_step': 0.01}",,900,0,-1,-137,0.0009999275207519531,[2],2.010473206249338,0.057442091607123935
901,"Qlearntab_LLM_{'alpha': 0.05, 'gamma': 0.95, 'epsilon': 0.2, 'epsilon_step': 0.01}",,901,99,1,-136,0.0910642147064209,"[0, 0, 0, 2, 2, 2, 3, 2, 2, 2, 3, 2, 2, 2, 2, 0, 0, 2, 2, 3, 2, 3, 2, 3, 2, 3, 2, 2, 3, 2, 3, 2, 2, 3, 2, 2, 2, 3, 2, 3, 2, 2, 2, 3, 2, 3, 2, 3, 2, 2, 2, 3, 2, 3, 2, 3, 2, 3, 2, 2, 3, 2, 3, 2, 2, 3, 2, 3, 2, 2, 3, 2, 3, 2, 3, 2, 2, 2, 1, 2, 2, 3, 3, 2, 3, 2, 3, 2, 3, 2, 2, 2, 3, 2, 2, 2, 2, 3, 2, 3]",2.028034619895625,0.057943846282732143
902,"Qlearntab_LLM_{'alpha': 0.05, 'gamma': 0.95, 'epsilon': 0.2, 'epsilon_step': 0.01}",,902,99,1,-135,0.09186363220214844,"[2, 0, 0, 0, 0, 0, 2, 2, 2, 2, 2, 2, 2, 2, 2, 2, 2, 3, 2, 2, 3, 2, 2, 2, 2, 2, 2, 3, 3, 2, 2, 2, 3, 2, 2, 2, 2, 3, 2, 3, 2, 3, 0, 3, 3, 2, 3, 2, 2, 3, 2, 2, 2, 3, 2, 3, 0, 3, 2, 3, 0, 3, 2, 2, 3, 2, 3, 2, 3, 2, 3, 2, 3, 2, 2, 3, 2, 2, 3, 2, 3, 2, 3, 2, 3, 2, 3, 2, 2, 2, 3, 2, 2, 3, 2, 2, 3, 2, 3, 2]",2.056497730988795,0.05875707802825129
903,"Qlearntab_LLM_{'alpha': 0.05, 'gamma': 0.95, 'epsilon': 0.2, 'epsilon_step': 0.01}",,903,99,1,-134,0.0918428897857666,"[0, 0, 0, 0, 0, 0, 2, 2, 2, 3, 2, 2, 2, 2, 3, 2, 2, 2, 3, 2, 2, 3, 2, 2, 2, 2, 2, 2, 2, 2, 3, 2, 2, 3, 2, 3, 2, 3, 2, 3, 2, 2, 2, 3, 2, 3, 2, 3, 3, 2, 3, 2, 2, 2, 2, 2, 3, 2, 3, 2, 3, 2, 2, 3, 2, 2, 2, 2, 2, 2, 3, 2, 2, 2, 2, 2, 2, 3, 2, 2, 3, 2, 3, 2, 3, 2, 2, 2, 3, 2, 2, 3, 2, 3, 2, 3, 2, 3, 2, 2]",2.072400256101361,0.05921143588861032
904,"Qlearntab_LLM_{'alpha': 0.05, 'gamma': 0.95, 'epsilon': 0.2, 'epsilon_step': 0.01}",,904,4,-1,-135,0.00510859489440918,"[0, 0, 3, 3, 3]",2.066885653088501,0.059053875802528605
905,"Qlearntab_LLM_{'alpha': 0.05, 'gamma': 0.95, 'epsilon': 0.2, 'epsilon_step': 0.01}",,905,8,-1,-136,0.009108781814575195,"[1, 1, 3, 2, 0, 0, 1, 0, 3]",2.071746866847749,0.0591927676242214
906,"Qlearntab_LLM_{'alpha': 0.05, 'gamma': 0.95, 'epsilon': 0.2, 'epsilon_step': 0.01}",,906,4,-1,-137,0.00500035285949707,"[1, 0, 2, 0, 1]",2.046318117673998,0.0584662319335428
907,"Qlearntab_LLM_{'alpha': 0.05, 'gamma': 0.95, 'epsilon': 0.2, 'epsilon_step': 0.01}",,907,5,-1,-138,0.006080150604248047,"[3, 1, 1, 0, 2, 2]",2.0476026599903046,0.05850293314258013
908,"Qlearntab_LLM_{'alpha': 0.05, 'gamma': 0.95, 'epsilon': 0.2, 'epsilon_step': 0.01}",,908,99,1,-137,0.09074139595031738,"[2, 0, 1, 1, 0, 0, 0, 0, 0, 2, 2, 3, 3, 2, 3, 2, 2, 2, 2, 2, 2, 2, 2, 2, 3, 2, 3, 2, 2, 3, 2, 3, 2, 2, 2, 2, 3, 2, 3, 2, 3, 2, 3, 2, 3, 2, 3, 2, 3, 2, 2, 2, 3, 2, 3, 2, 3, 2, 3, 2, 3, 2, 3, 2, 2, 3, 2, 3, 2, 3, 2, 2, 3, 2, 2, 3, 2, 3, 2, 3, 2, 3, 2, 2, 3, 3, 2, 3, 2, 2, 2, 3, 2, 2, 2, 3, 3, 2, 2, 2]",2.0749092679973984,0.05928312194278281
909,"Qlearntab_LLM_{'alpha': 0.05, 'gamma': 0.95, 'epsilon': 0.2, 'epsilon_step': 0.01}",,909,3,-1,-138,0.003997802734375,"[3, 3, 3, 2]",2.0810217197819125,0.05945776342234036
910,"Qlearntab_LLM_{'alpha': 0.05, 'gamma': 0.95, 'epsilon': 0.2, 'epsilon_step': 0.01}",,910,3,-1,-139,0.004089832305908203,"[1, 1, 1, 2]",2.0608312652447456,0.058880893292707015
911,"Qlearntab_LLM_{'alpha': 0.05, 'gamma': 0.95, 'epsilon': 0.2, 'epsilon_step': 0.01}",,911,99,1,-138,0.09191226959228516,"[3, 2, 0, 0, 0, 2, 2, 3, 2, 3, 2, 3, 3, 2, 2, 3, 2, 2, 2, 2, 2, 3, 2, 3, 2, 3, 2, 2, 2, 2, 2, 3, 2, 2, 2, 3, 3, 2, 3, 2, 3, 2, 3, 2, 2, 3, 2, 2, 2, 3, 2, 3, 2, 2, 2, 2, 3, 2, 3, 2, 3, 2, 3, 2, 2, 3, 2, 3, 2, 3, 2, 3, 2, 2, 3, 3, 2, 2, 2, 2, 2, 2, 3, 2, 3, 2, 3, 2, 3, 2, 3, 2, 3, 2, 2, 3, 2, 2, 2, 3]",2.1002656894137686,0.06000759112610767
912,"Qlearntab_LLM_{'alpha': 0.05, 'gamma': 0.95, 'epsilon': 0.2, 'epsilon_step': 0.01}",,912,0,-1,-139,0.0009999275207519531,[0],2.0576070071938375,0.05878877163410964
913,"Qlearntab_LLM_{'alpha': 0.05, 'gamma': 0.95, 'epsilon': 0.2, 'epsilon_step': 0.01}",,913,0,-1,-140,0.0010001659393310547,[3],2.025496428707423,0.057871326534497794
914,"Qlearntab_LLM_{'alpha': 0.05, 'gamma': 0.95, 'epsilon': 0.2, 'epsilon_step': 0.01}",,914,99,1,-139,0.09090471267700195,"[1, 3, 0, 1, 2, 0, 0, 0, 0, 0, 2, 2, 2, 3, 1, 2, 2, 3, 2, 2, 2, 2, 2, 2, 3, 2, 3, 2, 2, 2, 3, 2, 3, 2, 3, 2, 2, 3, 2, 3, 2, 2, 2, 2, 3, 2, 3, 2, 3, 2, 2, 3, 2, 3, 2, 3, 0, 0, 3, 2, 2, 2, 3, 2, 3, 3, 2, 3, 2, 2, 2, 2, 2, 3, 2, 3, 2, 2, 2, 2, 3, 0, 3, 2, 2, 2, 3, 2, 3, 2, 3, 2, 2, 2, 3, 2, 2, 2, 3, 2]",2.0702938678380174,0.059151253366800494
915,"Qlearntab_LLM_{'alpha': 0.05, 'gamma': 0.95, 'epsilon': 0.2, 'epsilon_step': 0.01}",,915,99,1,-138,0.09095215797424316,"[1, 0, 0, 0, 0, 2, 2, 2, 2, 3, 2, 3, 2, 2, 2, 3, 2, 3, 3, 0, 3, 2, 2, 2, 3, 2, 3, 2, 3, 2, 2, 2, 3, 2, 3, 2, 3, 2, 3, 2, 3, 2, 3, 3, 2, 2, 3, 2, 3, 0, 3, 2, 2, 3, 2, 3, 2, 3, 2, 2, 3, 2, 2, 3, 2, 3, 2, 3, 2, 3, 2, 3, 0, 2, 2, 3, 2, 3, 2, 3, 3, 2, 2, 2, 2, 2, 2, 3, 3, 2, 2, 2, 3, 2, 3, 2, 2, 2, 2, 2]",2.0888298999800385,0.059680854285143956
916,"Qlearntab_LLM_{'alpha': 0.05, 'gamma': 0.95, 'epsilon': 0.2, 'epsilon_step': 0.01}",,916,2,-1,-139,0.0030031204223632812,"[1, 2, 2]",2.0671977026365695,0.059062791503901986
917,"Qlearntab_LLM_{'alpha': 0.05, 'gamma': 0.95, 'epsilon': 0.2, 'epsilon_step': 0.01}",,917,99,1,-138,0.09095931053161621,"[0, 3, 0, 0, 0, 0, 0, 0, 0, 2, 2, 3, 2, 3, 3, 2, 2, 3, 2, 3, 2, 2, 3, 2, 2, 3, 2, 3, 2, 2, 3, 2, 2, 2, 3, 2, 3, 2, 2, 2, 2, 2, 2, 2, 2, 2, 2, 2, 2, 2, 2, 2, 2, 2, 2, 2, 3, 2, 2, 2, 2, 3, 2, 3, 2, 3, 2, 2, 2, 2, 3, 0, 3, 2, 2, 3, 2, 3, 2, 2, 3, 2, 2, 3, 2, 2, 3, 2, 3, 2, 2, 3, 2, 2, 2, 3, 2, 3, 2, 3]",2.094055436438667,0.059830155326819054
918,"Qlearntab_LLM_{'alpha': 0.05, 'gamma': 0.95, 'epsilon': 0.2, 'epsilon_step': 0.01}",,918,99,1,-137,0.09088277816772461,"[3, 0, 0, 2, 2, 2, 2, 2, 3, 2, 2, 2, 3, 2, 3, 2, 3, 2, 2, 2, 3, 2, 3, 2, 2, 3, 2, 3, 2, 2, 2, 2, 2, 3, 2, 3, 2, 3, 2, 2, 2, 3, 2, 3, 2, 3, 2, 2, 2, 2, 2, 2, 2, 3, 3, 2, 3, 2, 2, 2, 2, 3, 2, 2, 2, 2, 2, 0, 2, 2, 2, 2, 2, 2, 2, 3, 2, 3, 2, 2, 2, 2, 2, 2, 3, 2, 2, 3, 2, 2, 3, 2, 3, 2, 2, 3, 2, 3, 2, 3]",2.117956311746756,0.06051303747847874
919,"Qlearntab_LLM_{'alpha': 0.05, 'gamma': 0.95, 'epsilon': 0.2, 'epsilon_step': 0.01}",,919,0,-1,-138,0.0009965896606445312,[2],2.0876511731131777,0.05964717637466222
920,"Qlearntab_LLM_{'alpha': 0.05, 'gamma': 0.95, 'epsilon': 0.2, 'epsilon_step': 0.01}",,920,99,1,-137,0.09088540077209473,"[2, 0, 0, 0, 0, 0, 0, 2, 0, 1, 2, 2, 3, 2, 3, 2, 2, 2, 3, 2, 3, 2, 3, 2, 3, 2, 2, 3, 2, 2, 2, 2, 2, 3, 2, 3, 2, 3, 2, 3, 2, 3, 2, 3, 2, 3, 2, 2, 3, 2, 2, 3, 2, 3, 2, 3, 2, 3, 2, 3, 2, 2, 3, 2, 2, 2, 2, 2, 3, 2, 2, 2, 3, 2, 3, 2, 2, 3, 2, 2, 2, 2, 3, 2, 3, 2, 3, 2, 2, 2, 3, 3, 2, 2, 3, 2, 2, 3, 3, 2]",2.1240041507406056,0.060685832878303016
921,"Qlearntab_LLM_{'alpha': 0.05, 'gamma': 0.95, 'epsilon': 0.2, 'epsilon_step': 0.01}",,921,0,-1,-138,0.0010001659393310547,[2],2.0939164151581267,0.05982618329023219
922,"Qlearntab_LLM_{'alpha': 0.05, 'gamma': 0.95, 'epsilon': 0.2, 'epsilon_step': 0.01}",,922,77,2,-136,0.07176852226257324,"[2, 3, 0, 1, 1, 0, 0, 0, 2, 2, 3, 2, 2, 2, 2, 2, 2, 3, 2, 3, 2, 2, 3, 2, 3, 3, 2, 2, 2, 3, 2, 3, 2, 3, 2, 3, 2, 3, 2, 3, 0, 3, 2, 2, 2, 3, 2, 3, 2, 2, 3, 2, 3, 2, 3, 2, 3, 0, 3, 2, 3, 2, 3, 2, 2, 2, 2, 2, 2, 0, 0, 0, 0, 0, 0, 0, 1, 1]",2.186225932995324,0.062463598085580684
923,"Qlearntab_LLM_{'alpha': 0.05, 'gamma': 0.95, 'epsilon': 0.2, 'epsilon_step': 0.01}",,923,1,-1,-137,0.003004312515258789,"[2, 2]",2.1690724899365885,0.061973499712473956
924,"Qlearntab_LLM_{'alpha': 0.05, 'gamma': 0.95, 'epsilon': 0.2, 'epsilon_step': 0.01}",,924,3,-1,-138,0.003999948501586914,"[1, 0, 0, 1]",2.127705051316978,0.0607915728947708
925,"Qlearntab_LLM_{'alpha': 0.05, 'gamma': 0.95, 'epsilon': 0.2, 'epsilon_step': 0.01}",,925,3,-1,-139,0.0040814876556396484,"[1, 2, 0, 2]",2.1126458848658425,0.06036131099616693
926,"Qlearntab_LLM_{'alpha': 0.05, 'gamma': 0.95, 'epsilon': 0.2, 'epsilon_step': 0.01}",,926,99,1,-138,0.09084010124206543,"[2, 0, 0, 0, 0, 2, 2, 2, 0, 2, 2, 2, 2, 2, 3, 2, 3, 2, 3, 2, 2, 2, 2, 3, 2, 2, 3, 2, 3, 2, 2, 3, 2, 2, 2, 2, 3, 3, 2, 3, 2, 3, 0, 0, 3, 2, 3, 2, 2, 3, 2, 2, 2, 3, 2, 3, 2, 3, 2, 3, 2, 3, 2, 2, 2, 2, 2, 2, 2, 2, 3, 2, 3, 2, 3, 2, 3, 2, 3, 2, 3, 2, 3, 2, 3, 2, 2, 2, 2, 2, 2, 2, 3, 2, 2, 3, 2, 3, 0, 3]",2.1416969611293397,0.061191341746552566
927,"Qlearntab_LLM_{'alpha': 0.05, 'gamma': 0.95, 'epsilon': 0.2, 'epsilon_step': 0.01}",,927,99,1,-137,0.09064960479736328,"[0, 0, 0, 0, 0, 0, 0, 0, 0, 2, 2, 3, 3, 2, 2, 2, 3, 0, 3, 2, 2, 3, 2, 2, 0, 2, 2, 3, 2, 3, 2, 3, 2, 2, 3, 2, 3, 2, 2, 3, 2, 2, 2, 3, 2, 2, 2, 3, 2, 3, 2, 2, 3, 2, 2, 2, 2, 2, 3, 2, 3, 2, 2, 2, 3, 2, 2, 3, 2, 3, 2, 2, 3, 3, 2, 3, 2, 3, 2, 2, 2, 3, 3, 0, 3, 2, 2, 2, 3, 2, 3, 2, 2, 2, 3, 2, 3, 2, 2, 3]",2.1565855281072723,0.061616729374493494
928,"Qlearntab_LLM_{'alpha': 0.05, 'gamma': 0.95, 'epsilon': 0.2, 'epsilon_step': 0.01}",,928,99,1,-136,0.08978056907653809,"[1, 0, 0, 0, 2, 2, 3, 2, 3, 0, 3, 2, 3, 2, 2, 3, 2, 3, 2, 3, 2, 2, 3, 2, 3, 2, 2, 2, 3, 2, 3, 2, 3, 2, 3, 2, 3, 2, 2, 3, 2, 2, 2, 3, 2, 3, 2, 3, 2, 2, 2, 3, 2, 3, 2, 2, 2, 2, 3, 2, 2, 3, 2, 2, 2, 2, 2, 2, 3, 2, 2, 3, 2, 3, 2, 3, 2, 2, 2, 2, 3, 2, 2, 2, 3, 2, 3, 2, 2, 2, 2, 3, 2, 3, 2, 2, 2, 2, 3, 2]",2.171120090237899,0.062032002578225685
929,"Qlearntab_LLM_{'alpha': 0.05, 'gamma': 0.95, 'epsilon': 0.2, 'epsilon_step': 0.01}",,929,0,-1,-137,0.0009996891021728516,[2],2.1422309331031952,0.061206598088662724
930,"Qlearntab_LLM_{'alpha': 0.05, 'gamma': 0.95, 'epsilon': 0.2, 'epsilon_step': 0.01}",,930,3,-1,-138,0.00400090217590332,"[0, 0, 1, 1]",2.098620645267427,0.05996058986478363
931,"Qlearntab_LLM_{'alpha': 0.05, 'gamma': 0.95, 'epsilon': 0.2, 'epsilon_step': 0.01}",,931,99,1,-137,0.0908205509185791,"[0, 0, 2, 0, 0, 2, 2, 3, 2, 3, 2, 2, 3, 2, 3, 2, 2, 2, 3, 2, 3, 2, 2, 2, 3, 2, 3, 2, 3, 2, 2, 2, 3, 3, 2, 2, 3, 2, 2, 2, 3, 2, 3, 2, 3, 3, 2, 3, 2, 3, 2, 2, 2, 2, 2, 2, 2, 3, 2, 3, 2, 2, 3, 0, 3, 2, 3, 2, 2, 3, 2, 3, 2, 2, 2, 2, 2, 2, 2, 2, 2, 3, 2, 3, 3, 2, 3, 2, 3, 2, 3, 2, 2, 2, 2, 2, 2, 3, 2, 3]",2.1288226021036083,0.060823502917245954
932,"Qlearntab_LLM_{'alpha': 0.05, 'gamma': 0.95, 'epsilon': 0.2, 'epsilon_step': 0.01}",,932,99,1,-136,0.0920109748840332,"[0, 0, 0, 0, 0, 0, 2, 2, 3, 2, 3, 2, 3, 2, 3, 2, 3, 3, 2, 3, 2, 3, 2, 3, 2, 2, 3, 2, 3, 2, 3, 2, 3, 2, 3, 2, 2, 3, 2, 2, 3, 2, 3, 2, 3, 2, 2, 2, 2, 2, 3, 2, 3, 2, 3, 2, 2, 2, 2, 2, 0, 2, 2, 3, 2, 3, 2, 2, 3, 2, 3, 2, 2, 3, 2, 3, 3, 2, 3, 2, 3, 2, 2, 3, 2, 3, 0, 3, 2, 3, 0, 3, 2, 2, 2, 3, 2, 3, 2, 2]",2.1414385952643302,0.06118395986469515
933,"Qlearntab_LLM_{'alpha': 0.05, 'gamma': 0.95, 'epsilon': 0.2, 'epsilon_step': 0.01}",,933,0,-1,-137,0.0009965896606445312,[3],2.1071576367169214,0.060204503906197755
934,"Qlearntab_LLM_{'alpha': 0.05, 'gamma': 0.95, 'epsilon': 0.2, 'epsilon_step': 0.01}",,934,0,-1,-138,0.0010001659393310547,[2],2.0783900571087983,0.05938257306025138
935,"Qlearntab_LLM_{'alpha': 0.05, 'gamma': 0.95, 'epsilon': 0.2, 'epsilon_step': 0.01}",,935,2,-1,-139,0.0029993057250976562,"[3, 0, 0]",2.046338115049196,0.05846680328711988
936,"Qlearntab_LLM_{'alpha': 0.05, 'gamma': 0.95, 'epsilon': 0.2, 'epsilon_step': 0.01}",,936,1,-1,-140,0.0019996166229248047,"[2, 0]",2.019384169335368,0.05769669055243909
937,"Qlearntab_LLM_{'alpha': 0.05, 'gamma': 0.95, 'epsilon': 0.2, 'epsilon_step': 0.01}",,937,99,1,-139,0.09195494651794434,"[3, 3, 0, 0, 0, 0, 2, 2, 3, 2, 3, 2, 2, 3, 2, 2, 2, 2, 3, 2, 2, 3, 2, 2, 2, 3, 2, 3, 2, 3, 2, 3, 2, 2, 3, 2, 2, 3, 2, 2, 3, 2, 2, 3, 2, 3, 2, 2, 2, 2, 2, 3, 2, 3, 2, 3, 2, 2, 2, 2, 3, 2, 2, 2, 2, 2, 3, 2, 2, 3, 2, 2, 2, 2, 2, 2, 2, 2, 3, 2, 3, 2, 3, 2, 2, 3, 2, 2, 3, 2, 2, 2, 2, 2, 2, 3, 2, 3, 2, 3]",2.05223254798319,0.05863521565666257
938,"Qlearntab_LLM_{'alpha': 0.05, 'gamma': 0.95, 'epsilon': 0.2, 'epsilon_step': 0.01}",,938,99,1,-138,0.09174442291259766,"[0, 0, 0, 0, 0, 0, 2, 0, 0, 0, 0, 2, 2, 3, 2, 3, 2, 2, 3, 2, 3, 2, 3, 2, 2, 2, 2, 2, 3, 2, 3, 2, 3, 2, 2, 2, 3, 2, 3, 2, 3, 2, 3, 2, 2, 3, 2, 3, 2, 2, 2, 2, 3, 2, 3, 2, 2, 2, 2, 3, 2, 2, 2, 2, 3, 2, 3, 2, 2, 2, 2, 3, 2, 3, 3, 2, 3, 2, 3, 2, 3, 2, 3, 2, 3, 2, 3, 2, 3, 2, 3, 2, 3, 2, 2, 2, 3, 2, 2, 3]",2.0861905822415716,0.059605445206902044
939,"Qlearntab_LLM_{'alpha': 0.05, 'gamma': 0.95, 'epsilon': 0.2, 'epsilon_step': 0.01}",,939,0,-1,-139,0.0010006427764892578,[1],2.0440017063144573,0.05840004875184164
940,"Qlearntab_LLM_{'alpha': 0.05, 'gamma': 0.95, 'epsilon': 0.2, 'epsilon_step': 0.01}",,940,3,-1,-140,0.003995180130004883,"[3, 2, 0, 2]",2.035702486323407,0.058162928180668774
941,"Qlearntab_LLM_{'alpha': 0.05, 'gamma': 0.95, 'epsilon': 0.2, 'epsilon_step': 0.01}",,941,1,-1,-141,0.002000570297241211,"[1, 1]",1.997612279119504,0.05707463654627154
942,"Qlearntab_LLM_{'alpha': 0.05, 'gamma': 0.95, 'epsilon': 0.2, 'epsilon_step': 0.01}",,942,99,1,-140,0.09081673622131348,"[0, 0, 0, 0, 2, 2, 3, 2, 3, 2, 3, 2, 3, 2, 3, 3, 2, 3, 2, 3, 0, 3, 2, 2, 2, 3, 2, 3, 2, 3, 2, 1, 2, 2, 3, 2, 3, 2, 3, 3, 2, 3, 2, 3, 2, 3, 2, 2, 3, 2, 3, 2, 3, 2, 3, 2, 3, 2, 3, 2, 3, 2, 2, 3, 2, 3, 2, 2, 2, 2, 2, 2, 3, 2, 3, 2, 2, 2, 2, 2, 2, 3, 3, 2, 2, 3, 2, 2, 2, 2, 2, 2, 2, 3, 2, 2, 2, 2, 2, 3]",2.0148059830636877,0.05756588523039108
943,"Qlearntab_LLM_{'alpha': 0.05, 'gamma': 0.95, 'epsilon': 0.2, 'epsilon_step': 0.01}",,943,99,1,-139,0.09190797805786133,"[1, 3, 1, 2, 3, 0, 0, 2, 2, 2, 3, 2, 3, 2, 2, 2, 3, 2, 3, 2, 3, 3, 2, 3, 2, 2, 3, 2, 3, 2, 3, 2, 3, 2, 3, 2, 3, 2, 3, 2, 3, 2, 3, 2, 2, 2, 2, 2, 2, 3, 2, 3, 2, 2, 2, 2, 3, 2, 2, 3, 2, 2, 3, 2, 3, 3, 2, 2, 2, 2, 3, 2, 3, 2, 2, 2, 3, 2, 3, 3, 2, 3, 2, 3, 2, 3, 2, 2, 3, 2, 3, 2, 2, 2, 3, 2, 3, 2, 2, 2]",2.0693600288484566,0.05912457225281305
944,"Qlearntab_LLM_{'alpha': 0.05, 'gamma': 0.95, 'epsilon': 0.2, 'epsilon_step': 0.01}",,944,0,-1,-140,0.0019981861114501953,[1],2.030736976340006,0.05802105646685731
945,"Qlearntab_LLM_{'alpha': 0.05, 'gamma': 0.95, 'epsilon': 0.2, 'epsilon_step': 0.01}",,945,2,-1,-141,0.0029973983764648438,"[2, 0, 1]",2.007814108408807,0.057366117383108775
946,"Qlearntab_LLM_{'alpha': 0.05, 'gamma': 0.95, 'epsilon': 0.2, 'epsilon_step': 0.01}",,946,0,-1,-142,0.0,[3],1.9714105033484912,0.056326014381385466
947,"Qlearntab_LLM_{'alpha': 0.05, 'gamma': 0.95, 'epsilon': 0.2, 'epsilon_step': 0.01}",,947,1,-1,-143,0.0020003318786621094,"[2, 0]",1.9417389725662377,0.05547825635903536
948,"Qlearntab_LLM_{'alpha': 0.05, 'gamma': 0.95, 'epsilon': 0.2, 'epsilon_step': 0.01}",,948,0,-1,-144,0.0009996891021728516,[1],1.906881667677361,0.05448233336221031
949,"Qlearntab_LLM_{'alpha': 0.05, 'gamma': 0.95, 'epsilon': 0.2, 'epsilon_step': 0.01}",,949,0,-1,-145,0.0009999275207519531,[3],1.872298242870061,0.05349423551057317
950,"Qlearntab_LLM_{'alpha': 0.05, 'gamma': 0.95, 'epsilon': 0.2, 'epsilon_step': 0.01}",,950,0,-1,-146,0.001064300537109375,[1],1.839183803225628,0.052548108663589374
951,"Qlearntab_LLM_{'alpha': 0.05, 'gamma': 0.95, 'epsilon': 0.2, 'epsilon_step': 0.01}",,951,0,-1,-147,0.0010004043579101562,[1],1.8077250855634168,0.05164928815895477
952,"Qlearntab_LLM_{'alpha': 0.05, 'gamma': 0.95, 'epsilon': 0.2, 'epsilon_step': 0.01}",,952,0,-1,-148,0.0009996891021728516,[0],1.767453951096575,0.050498684317044996
953,"Qlearntab_LLM_{'alpha': 0.05, 'gamma': 0.95, 'epsilon': 0.2, 'epsilon_step': 0.01}",,953,99,1,-147,0.0908501148223877,"[1, 0, 0, 0, 0, 2, 2, 3, 2, 2, 3, 0, 3, 2, 3, 2, 3, 2, 2, 3, 0, 3, 2, 3, 2, 2, 2, 2, 3, 2, 2, 3, 3, 2, 2, 2, 2, 2, 2, 2, 2, 3, 2, 2, 2, 2, 2, 2, 2, 2, 3, 3, 2, 2, 2, 3, 2, 3, 2, 2, 3, 2, 3, 2, 2, 0, 2, 3, 2, 2, 3, 2, 3, 2, 3, 0, 3, 2, 2, 2, 3, 2, 3, 2, 2, 2, 2, 2, 2, 3, 2, 3, 2, 2, 2, 2, 3, 2, 2, 3]",1.7971482699108896,0.05134709342602542
954,"Qlearntab_LLM_{'alpha': 0.05, 'gamma': 0.95, 'epsilon': 0.2, 'epsilon_step': 0.01}",,954,3,-1,-148,0.004009246826171875,"[1, 2, 2, 0]",1.7847304712627567,0.050992299178935906
955,"Qlearntab_LLM_{'alpha': 0.05, 'gamma': 0.95, 'epsilon': 0.2, 'epsilon_step': 0.01}",,955,0,-1,-149,0.0009903907775878906,[3],1.7518762176958216,0.050053606219880614
956,"Qlearntab_LLM_{'alpha': 0.05, 'gamma': 0.95, 'epsilon': 0.2, 'epsilon_step': 0.01}",,956,99,1,-148,0.09095525741577148,"[3, 0, 0, 0, 1, 1, 3, 3, 0, 0, 2, 2, 2, 3, 2, 2, 2, 3, 3, 2, 2, 3, 2, 2, 3, 2, 3, 2, 3, 2, 2, 2, 2, 3, 2, 2, 3, 2, 3, 2, 3, 2, 3, 2, 3, 2, 2, 3, 2, 3, 2, 3, 2, 2, 2, 2, 2, 3, 2, 3, 2, 2, 2, 2, 3, 2, 3, 2, 3, 2, 3, 2, 2, 3, 2, 3, 2, 3, 2, 3, 2, 3, 2, 2, 2, 3, 2, 2, 2, 2, 2, 3, 2, 2, 3, 2, 3, 3, 2, 2]",1.803422995691949,0.05152637130548426
957,"Qlearntab_LLM_{'alpha': 0.05, 'gamma': 0.95, 'epsilon': 0.2, 'epsilon_step': 0.01}",,957,99,1,-147,0.09091591835021973,"[0, 0, 2, 0, 0, 0, 0, 2, 2, 3, 2, 3, 2, 3, 2, 2, 2, 3, 2, 2, 3, 2, 3, 2, 2, 2, 3, 2, 3, 2, 2, 2, 3, 2, 3, 2, 3, 2, 2, 3, 2, 3, 2, 3, 2, 2, 2, 2, 3, 2, 2, 2, 2, 2, 2, 2, 2, 2, 3, 2, 2, 2, 3, 2, 2, 3, 2, 3, 2, 3, 2, 3, 3, 2, 2, 2, 2, 3, 2, 2, 2, 3, 2, 2, 3, 2, 2, 3, 2, 3, 2, 2, 2, 3, 2, 2, 2, 3, 2, 3]",1.831110994486979,0.05231745698534226
958,"Qlearntab_LLM_{'alpha': 0.05, 'gamma': 0.95, 'epsilon': 0.2, 'epsilon_step': 0.01}",,958,2,-1,-148,0.0029997825622558594,"[0, 0, 0]",1.7934925999823683,0.051242645713781954
959,"Qlearntab_LLM_{'alpha': 0.05, 'gamma': 0.95, 'epsilon': 0.2, 'epsilon_step': 0.01}",,959,99,1,-147,0.09261488914489746,"[0, 0, 1, 0, 0, 0, 2, 2, 3, 2, 3, 2, 3, 2, 3, 2, 3, 2, 3, 2, 3, 2, 3, 2, 2, 2, 2, 2, 2, 2, 2, 2, 3, 2, 3, 3, 2, 3, 2, 3, 2, 2, 3, 2, 3, 2, 3, 2, 3, 3, 2, 2, 2, 3, 2, 3, 2, 3, 2, 2, 2, 2, 2, 2, 3, 2, 3, 2, 3, 2, 2, 3, 2, 2, 3, 2, 2, 3, 2, 3, 2, 3, 2, 3, 3, 2, 3, 2, 3, 3, 2, 3, 2, 3, 2, 3, 2, 3, 3, 2]",1.815150572355499,0.05186144492444283
960,"Qlearntab_LLM_{'alpha': 0.05, 'gamma': 0.95, 'epsilon': 0.2, 'epsilon_step': 0.01}",,960,2,-1,-148,0.003097057342529297,"[0, 0, 0]",1.7786626533600045,0.050818932953142985
961,"Qlearntab_LLM_{'alpha': 0.05, 'gamma': 0.95, 'epsilon': 0.2, 'epsilon_step': 0.01}",,961,0,-1,-149,0.0010013580322265625,[2],1.7459971058166177,0.049885631594760504
962,"Qlearntab_LLM_{'alpha': 0.05, 'gamma': 0.95, 'epsilon': 0.2, 'epsilon_step': 0.01}",,962,0,-1,-150,0.001009225845336914,[0],1.7101626401359695,0.04886178971817056
963,"Qlearntab_LLM_{'alpha': 0.05, 'gamma': 0.95, 'epsilon': 0.2, 'epsilon_step': 0.01}",,963,5,-1,-151,0.004990816116333008,"[1, 3, 3, 3, 3, 3]",1.6841008118875695,0.04811716605393056
964,"Qlearntab_LLM_{'alpha': 0.05, 'gamma': 0.95, 'epsilon': 0.2, 'epsilon_step': 0.01}",,964,0,-1,-152,0.0010585784912109375,[0],1.6500580694909537,0.047144516271170105
965,"Qlearntab_LLM_{'alpha': 0.05, 'gamma': 0.95, 'epsilon': 0.2, 'epsilon_step': 0.01}",,965,2,-1,-153,0.0030014514923095703,"[1, 3, 0]",1.6206064309812216,0.04630304088517776
966,"Qlearntab_LLM_{'alpha': 0.05, 'gamma': 0.95, 'epsilon': 0.2, 'epsilon_step': 0.01}",,966,99,1,-152,0.08982324600219727,"[0, 3, 0, 0, 0, 2, 2, 2, 3, 2, 2, 2, 2, 3, 2, 2, 2, 2, 3, 2, 2, 3, 2, 3, 2, 2, 3, 2, 3, 2, 2, 2, 3, 2, 2, 3, 2, 3, 2, 2, 3, 2, 3, 2, 2, 2, 3, 2, 3, 3, 2, 3, 3, 2, 2, 2, 2, 3, 2, 3, 2, 3, 2, 2, 2, 3, 2, 2, 3, 2, 3, 2, 3, 2, 3, 2, 2, 3, 2, 3, 2, 3, 2, 3, 2, 3, 3, 2, 2, 3, 2, 3, 2, 2, 2, 3, 2, 3, 2, 2]",1.64833650386211,0.04709532868177457
967,"Qlearntab_LLM_{'alpha': 0.05, 'gamma': 0.95, 'epsilon': 0.2, 'epsilon_step': 0.01}",,967,99,1,-151,0.09286093711853027,"[0, 0, 0, 2, 0, 0, 0, 2, 2, 3, 2, 3, 2, 2, 3, 2, 2, 2, 2, 2, 2, 3, 2, 3, 2, 2, 3, 2, 3, 2, 2, 2, 3, 2, 3, 2, 3, 2, 2, 3, 2, 3, 2, 2, 3, 2, 3, 2, 3, 2, 2, 2, 3, 2, 3, 0, 3, 2, 2, 3, 2, 3, 2, 3, 2, 2, 2, 3, 2, 3, 2, 2, 2, 2, 2, 2, 2, 3, 2, 3, 2, 3, 2, 2, 2, 2, 3, 2, 3, 2, 2, 3, 2, 2, 2, 2, 2, 3, 2, 2]",1.674586558333146,0.047845330238089886
968,"Qlearntab_LLM_{'alpha': 0.05, 'gamma': 0.95, 'epsilon': 0.2, 'epsilon_step': 0.01}",,968,3,-1,-152,0.0039997100830078125,"[2, 1, 0, 3]",1.6493196813076416,0.04712341946593262
969,"Qlearntab_LLM_{'alpha': 0.05, 'gamma': 0.95, 'epsilon': 0.2, 'epsilon_step': 0.01}",,969,99,1,-151,0.0930020809173584,"[1, 0, 0, 0, 2, 2, 3, 0, 3, 2, 3, 2, 3, 2, 3, 2, 3, 2, 3, 2, 3, 2, 3, 2, 3, 2, 3, 2, 3, 2, 3, 2, 3, 2, 2, 3, 0, 3, 2, 3, 3, 2, 2, 2, 2, 3, 2, 3, 2, 3, 2, 2, 2, 3, 0, 3, 2, 3, 3, 2, 2, 2, 2, 2, 3, 2, 2, 2, 2, 2, 3, 2, 3, 2, 3, 2, 3, 2, 3, 2, 2, 2, 2, 2, 3, 2, 3, 2, 3, 2, 3, 2, 2, 3, 2, 2, 3, 2, 2, 3]",1.6760642770245116,0.0478875507721289
970,"Qlearntab_LLM_{'alpha': 0.05, 'gamma': 0.95, 'epsilon': 0.2, 'epsilon_step': 0.01}",,970,99,1,-150,0.0918736457824707,"[2, 0, 0, 0, 0, 0, 0, 0, 2, 2, 2, 3, 2, 3, 2, 3, 3, 2, 2, 2, 2, 3, 2, 3, 2, 3, 2, 3, 3, 0, 3, 2, 2, 3, 2, 2, 3, 2, 2, 2, 3, 2, 3, 2, 2, 3, 2, 3, 2, 2, 3, 2, 2, 3, 2, 2, 3, 3, 2, 3, 2, 3, 3, 2, 3, 2, 2, 3, 2, 3, 2, 3, 2, 3, 2, 3, 2, 3, 2, 2, 3, 2, 3, 2, 2, 3, 2, 2, 3, 2, 2, 2, 3, 2, 3, 2, 3, 2, 3, 2]",1.7028248534582717,0.048652138670236336
971,"Qlearntab_LLM_{'alpha': 0.05, 'gamma': 0.95, 'epsilon': 0.2, 'epsilon_step': 0.01}",,971,5,-1,-151,0.006105184555053711,"[1, 1, 0, 0, 0, 1]",1.6759974415669685,0.04788564118762767
972,"Qlearntab_LLM_{'alpha': 0.05, 'gamma': 0.95, 'epsilon': 0.2, 'epsilon_step': 0.01}",,972,0,-1,-152,0.0010035037994384766,[2],1.643668706415192,0.04696196304043406
973,"Qlearntab_LLM_{'alpha': 0.05, 'gamma': 0.95, 'epsilon': 0.2, 'epsilon_step': 0.01}",,973,3,-1,-153,0.003996372222900391,"[0, 0, 0, 1]",1.61384010069713,0.04610971716277514
974,"Qlearntab_LLM_{'alpha': 0.05, 'gamma': 0.95, 'epsilon': 0.2, 'epsilon_step': 0.01}",,974,0,-1,-154,0.0009999275207519531,[0],1.5787406535484723,0.04510687581567063
975,"Qlearntab_LLM_{'alpha': 0.05, 'gamma': 0.95, 'epsilon': 0.2, 'epsilon_step': 0.01}",,975,99,1,-153,0.09192895889282227,"[1, 0, 0, 0, 2, 2, 2, 3, 2, 3, 2, 3, 2, 3, 2, 2, 3, 2, 3, 2, 3, 2, 2, 2, 3, 2, 3, 2, 3, 2, 3, 2, 2, 3, 2, 2, 2, 3, 2, 3, 2, 2, 2, 2, 3, 2, 3, 2, 3, 2, 3, 2, 2, 3, 2, 3, 0, 3, 2, 3, 2, 3, 2, 2, 0, 0, 2, 0, 0, 0, 2, 2, 2, 2, 3, 2, 3, 2, 3, 2, 3, 2, 3, 2, 2, 0, 0, 2, 2, 2, 3, 2, 3, 2, 3, 2, 3, 2, 3, 2]",1.6070051265500889,0.045914432187145394
976,"Qlearntab_LLM_{'alpha': 0.05, 'gamma': 0.95, 'epsilon': 0.2, 'epsilon_step': 0.01}",,976,99,1,-152,0.09295916557312012,"[1, 1, 0, 0, 0, 2, 2, 3, 2, 3, 2, 2, 2, 2, 2, 3, 2, 3, 2, 3, 2, 3, 2, 2, 2, 2, 3, 2, 2, 2, 3, 2, 3, 3, 2, 3, 2, 2, 2, 2, 2, 2, 3, 2, 2, 3, 3, 2, 3, 2, 3, 2, 2, 3, 2, 3, 2, 2, 2, 3, 2, 3, 2, 2, 3, 2, 3, 2, 3, 3, 2, 3, 2, 3, 2, 2, 3, 2, 2, 0, 2, 2, 3, 2, 3, 2, 3, 2, 3, 2, 2, 0, 2, 2, 3, 2, 3, 2, 2, 3]",1.6373943949827048,0.04678269699950585
977,"Qlearntab_LLM_{'alpha': 0.05, 'gamma': 0.95, 'epsilon': 0.2, 'epsilon_step': 0.01}",,977,37,2,-150,0.0352625846862793,"[0, 0, 0, 2, 2, 2, 2, 2, 3, 2, 2, 3, 2, 2, 2, 2, 3, 3, 2, 2, 0, 2, 2, 2, 3, 2, 3, 2, 3, 0, 3, 2, 2, 3, 2, 3, 0, 1]",1.7327167908991195,0.04950619402568913
978,"Qlearntab_LLM_{'alpha': 0.05, 'gamma': 0.95, 'epsilon': 0.2, 'epsilon_step': 0.01}",,978,5,-1,-151,0.006109476089477539,"[0, 2, 2, 0, 3, 0]",1.7110625429558455,0.04888750122730987
979,"Qlearntab_LLM_{'alpha': 0.05, 'gamma': 0.95, 'epsilon': 0.2, 'epsilon_step': 0.01}",,979,1,-1,-152,0.0019998550415039062,"[2, 2]",1.68044927277827,0.04801283636509343
980,"Qlearntab_LLM_{'alpha': 0.05, 'gamma': 0.95, 'epsilon': 0.2, 'epsilon_step': 0.01}",,980,1,-1,-153,0.0020003318786621094,"[3, 2]",1.6516083332573839,0.04718880952163954
981,"Qlearntab_LLM_{'alpha': 0.05, 'gamma': 0.95, 'epsilon': 0.2, 'epsilon_step': 0.01}",,981,53,0,-153,0.04947853088378906,"[2, 1, 1, 0, 0, 0, 2, 0, 0, 0, 2, 2, 2, 3, 3, 2, 3, 2, 3, 2, 3, 2, 3, 2, 3, 2, 3, 2, 2, 3, 2, 2, 0, 2, 2, 2, 3, 2, 2, 3, 2, 3, 3, 2, 3, 2, 3, 2, 3, 2, 2, 0, 0, 3]",1.650488831001644,0.047156823742904114
982,"Qlearntab_LLM_{'alpha': 0.05, 'gamma': 0.95, 'epsilon': 0.2, 'epsilon_step': 0.01}",,982,0,-1,-154,0.0010001659393310547,[3],1.6201611562468532,0.04629031874991009
983,"Qlearntab_LLM_{'alpha': 0.05, 'gamma': 0.95, 'epsilon': 0.2, 'epsilon_step': 0.01}",,983,1,-1,-155,0.002103090286254883,"[1, 0]",1.5883978591331858,0.045382795975233876
984,"Qlearntab_LLM_{'alpha': 0.05, 'gamma': 0.95, 'epsilon': 0.2, 'epsilon_step': 0.01}",,984,1,-1,-156,0.002003908157348633,"[1, 1]",1.5561124917376707,0.044460356906790593
985,"Qlearntab_LLM_{'alpha': 0.05, 'gamma': 0.95, 'epsilon': 0.2, 'epsilon_step': 0.01}",,985,2,-1,-157,0.0029997825622558594,"[0, 0, 2]",1.5297002407659384,0.0437057211647411
986,"Qlearntab_LLM_{'alpha': 0.05, 'gamma': 0.95, 'epsilon': 0.2, 'epsilon_step': 0.01}",,986,0,-1,-158,0.002000570297241211,[2],1.5019776186358798,0.04291364624673942
987,"Qlearntab_LLM_{'alpha': 0.05, 'gamma': 0.95, 'epsilon': 0.2, 'epsilon_step': 0.01}",,987,99,1,-157,0.09182381629943848,"[0, 0, 0, 2, 0, 2, 2, 3, 2, 2, 2, 2, 2, 3, 2, 3, 2, 3, 2, 3, 2, 2, 2, 3, 2, 3, 2, 3, 2, 3, 2, 2, 2, 2, 2, 2, 3, 2, 3, 2, 2, 2, 3, 2, 3, 2, 3, 2, 2, 2, 3, 2, 3, 2, 3, 2, 3, 2, 2, 2, 3, 2, 2, 3, 2, 3, 2, 2, 2, 2, 2, 2, 2, 2, 3, 2, 3, 2, 2, 3, 2, 2, 3, 2, 2, 2, 3, 2, 2, 2, 3, 2, 2, 2, 3, 2, 2, 2, 3, 2]",1.5248160973213205,0.04356617420918059
988,"Qlearntab_LLM_{'alpha': 0.05, 'gamma': 0.95, 'epsilon': 0.2, 'epsilon_step': 0.01}",,988,99,1,-156,0.09102964401245117,"[2, 0, 0, 0, 0, 2, 2, 3, 2, 3, 2, 2, 2, 2, 2, 3, 2, 2, 3, 2, 2, 2, 3, 2, 3, 2, 3, 2, 2, 2, 3, 2, 2, 2, 3, 2, 3, 2, 3, 2, 2, 2, 3, 2, 3, 2, 2, 3, 3, 2, 2, 3, 2, 2, 2, 3, 2, 3, 2, 3, 2, 2, 3, 2, 2, 3, 2, 2, 2, 2, 3, 2, 3, 2, 2, 3, 2, 3, 2, 3, 3, 2, 3, 2, 3, 2, 2, 2, 3, 3, 2, 3, 2, 3, 2, 2, 3, 2, 3, 2]",1.5526612666045736,0.044361750474416387
989,"Qlearntab_LLM_{'alpha': 0.05, 'gamma': 0.95, 'epsilon': 0.2, 'epsilon_step': 0.01}",,989,1,-1,-157,0.0020036697387695312,"[2, 2]",1.5302208465641463,0.04372059561611846
990,"Qlearntab_LLM_{'alpha': 0.05, 'gamma': 0.95, 'epsilon': 0.2, 'epsilon_step': 0.01}",,990,5,-1,-158,0.005999326705932617,"[1, 0, 3, 3, 1, 2]",1.5153243428086325,0.04329498122310379
991,"Qlearntab_LLM_{'alpha': 0.05, 'gamma': 0.95, 'epsilon': 0.2, 'epsilon_step': 0.01}",,991,2,-1,-159,0.003089427947998047,"[1, 0, 3]",1.4877641214359876,0.0425075463267425
992,"Qlearntab_LLM_{'alpha': 0.05, 'gamma': 0.95, 'epsilon': 0.2, 'epsilon_step': 0.01}",,992,99,1,-158,0.09188723564147949,"[2, 1, 0, 0, 0, 2, 2, 2, 3, 2, 3, 2, 2, 2, 2, 3, 2, 3, 2, 3, 2, 3, 3, 2, 3, 2, 2, 2, 2, 2, 2, 3, 2, 2, 3, 2, 3, 3, 2, 2, 2, 3, 2, 2, 3, 2, 2, 2, 2, 3, 0, 3, 2, 2, 2, 2, 2, 2, 2, 3, 2, 3, 3, 3, 2, 3, 2, 3, 2, 3, 2, 2, 2, 2, 3, 2, 3, 2, 3, 2, 3, 2, 3, 3, 2, 2, 3, 2, 3, 2, 3, 3, 2, 3, 2, 3, 2, 3, 2, 3]",1.518956326268792,0.043398752179108345
993,"Qlearntab_LLM_{'alpha': 0.05, 'gamma': 0.95, 'epsilon': 0.2, 'epsilon_step': 0.01}",,993,99,1,-157,0.09097099304199219,"[0, 0, 1, 0, 1, 0, 0, 0, 2, 0, 2, 2, 3, 2, 2, 2, 3, 2, 3, 2, 3, 2, 3, 2, 3, 2, 2, 2, 3, 2, 3, 2, 2, 2, 3, 2, 3, 2, 2, 2, 3, 2, 2, 2, 3, 2, 2, 2, 3, 2, 2, 2, 3, 2, 3, 2, 3, 2, 2, 2, 2, 3, 2, 3, 2, 3, 2, 3, 2, 2, 2, 2, 3, 2, 2, 2, 2, 2, 2, 3, 2, 3, 2, 3, 2, 2, 3, 2, 3, 2, 3, 3, 2, 2, 2, 3, 2, 2, 2, 2]",1.5456860298127766,0.04416245799465076
994,"Qlearntab_LLM_{'alpha': 0.05, 'gamma': 0.95, 'epsilon': 0.2, 'epsilon_step': 0.01}",,994,0,-1,-158,0.0009996891021728516,[3],1.5178924917087973,0.04336835690596563
995,"Qlearntab_LLM_{'alpha': 0.05, 'gamma': 0.95, 'epsilon': 0.2, 'epsilon_step': 0.01}",,995,0,-1,-159,0.0009999275207519531,[3],1.491488630510017,0.04261396087171477
996,"Qlearntab_LLM_{'alpha': 0.05, 'gamma': 0.95, 'epsilon': 0.2, 'epsilon_step': 0.01}",,996,1,-1,-160,0.0019965171813964844,"[3, 2]",1.4759019342413375,0.042168626692609644
997,"Qlearntab_LLM_{'alpha': 0.05, 'gamma': 0.95, 'epsilon': 0.2, 'epsilon_step': 0.01}",,997,0,-1,-161,0.0010714530944824219,[1],1.4415861940141563,0.04118817697183304
998,"Qlearntab_LLM_{'alpha': 0.05, 'gamma': 0.95, 'epsilon': 0.2, 'epsilon_step': 0.01}",,998,99,1,-160,0.09178447723388672,"[0, 0, 0, 0, 0, 0, 2, 2, 2, 2, 3, 2, 3, 2, 2, 2, 2, 3, 2, 3, 2, 3, 2, 2, 0, 2, 2, 2, 3, 2, 2, 2, 3, 2, 2, 2, 2, 2, 2, 2, 2, 2, 3, 2, 2, 0, 0, 2, 2, 3, 3, 2, 3, 2, 2, 2, 0, 0, 2, 2, 2, 3, 0, 3, 2, 2, 2, 3, 2, 2, 3, 2, 3, 2, 2, 2, 2, 3, 2, 2, 3, 2, 2, 3, 2, 2, 2, 2, 2, 2, 2, 3, 2, 3, 2, 3, 2, 3, 2, 3]",1.4657440699320747,0.04187840199805928
999,"Qlearntab_LLM_{'alpha': 0.05, 'gamma': 0.95, 'epsilon': 0.2, 'epsilon_step': 0.01}",,999,5,-1,-161,0.004999876022338867,"[2, 0, 0, 0, 0, 1]",1.4414068125180566,0.04118305178623019
